experiment 13_0: test=viper. with batchnorm. neural_d=concatenate
experiment 13_1: test=grid. with batchnorm. neural_d=concatenate
experiment 13_2: test=prid450. with batchnorm. neural_d=concatenate
experiment 13_3: test=market. with batchnorm. neural_d=concatenate
experiment 13_4: test=cuhk02. with batchnorm. neural_d=concatenate

60.2, 2253.8, 7646.2, 39.8
73.93, 1783.87, 8116.13, 26.07
63.03, 1990.1, 7909.9, 36.97
76.7, 538.9, 9361.1, 23.3
77.2, 665.17, 9234.83, 22.8

0.08, 0.13, 0.17, 0.21, 0.25, 0.28, 0.31, 0.34, 0.37, 0.39, 0.42, 0.44, 0.47, 0.48, 0.51, 0.52, 0.54, 0.56, 0.58, 0.59, 0.61, 0.62, 0.63, 0.64, 0.66, 0.67, 0.68, 0.69, 0.7, 0.72, 0.72, 0.73, 0.74, 0.75, 0.76, 0.77, 0.78, 0.79, 0.8, 0.8, 0.81, 0.82, 0.82, 0.83, 0.84, 0.84, 0.85, 0.86, 0.86, 0.87, 0.87, 0.88, 0.88, 0.89, 0.89, 0.9, 0.9, 0.91, 0.91, 0.92, 0.92, 0.92, 0.93, 0.93, 0.94, 0.94, 0.94, 0.95, 0.95, 0.95, 0.96, 0.96, 0.96, 0.97, 0.97, 0.97, 0.97, 0.97, 0.98, 0.98, 0.98, 0.98, 0.99, 0.99, 0.99, 0.99, 0.99, 0.99, 0.99, 0.99, 0.99, 1.0, 1.0, 1.0, 1.0, 1.0, 1.0, 1.0, 1.0, 1.0
0.11, 0.2, 0.27, 0.33, 0.38, 0.43, 0.47, 0.51, 0.54, 0.57, 0.6, 0.62, 0.65, 0.67, 0.69, 0.7, 0.72, 0.74, 0.75, 0.76, 0.78, 0.79, 0.8, 0.81, 0.82, 0.83, 0.83, 0.84, 0.84, 0.85, 0.86, 0.86, 0.87, 0.88, 0.88, 0.89, 0.89, 0.9, 0.9, 0.9, 0.91, 0.91, 0.91, 0.92, 0.92, 0.93, 0.93, 0.93, 0.94, 0.94, 0.94, 0.94, 0.95, 0.95, 0.95, 0.95, 0.96, 0.96, 0.97, 0.97, 0.97, 0.97, 0.97, 0.97, 0.98, 0.98, 0.98, 0.98, 0.98, 0.98, 0.98, 0.98, 0.99, 0.99, 0.99, 0.99, 0.99, 0.99, 0.99, 0.99, 0.99, 0.99, 1.0, 1.0, 1.0, 1.0, 1.0, 1.0, 1.0, 1.0, 1.0, 1.0, 1.0, 1.0, 1.0, 1.0, 1.0, 1.0, 1.0, 1.0
0.09, 0.15, 0.2, 0.25, 0.28, 0.32, 0.35, 0.38, 0.41, 0.44, 0.46, 0.48, 0.5, 0.52, 0.54, 0.56, 0.58, 0.59, 0.61, 0.63, 0.66, 0.67, 0.68, 0.69, 0.7, 0.71, 0.72, 0.74, 0.75, 0.76, 0.77, 0.78, 0.79, 0.79, 0.81, 0.81, 0.82, 0.83, 0.84, 0.85, 0.85, 0.86, 0.87, 0.87, 0.88, 0.89, 0.89, 0.9, 0.9, 0.91, 0.92, 0.92, 0.93, 0.93, 0.94, 0.94, 0.94, 0.95, 0.95, 0.95, 0.96, 0.96, 0.96, 0.97, 0.97, 0.97, 0.98, 0.98, 0.98, 0.98, 0.98, 0.98, 0.99, 0.99, 0.99, 0.99, 0.99, 0.99, 0.99, 1.0, 1.0, 1.0, 1.0, 1.0, 1.0, 1.0, 1.0, 1.0, 1.0, 1.0, 1.0, 1.0, 1.0, 1.0, 1.0, 1.0, 1.0, 1.0, 1.0, 1.0
0.37, 0.53, 0.62, 0.69, 0.74, 0.77, 0.79, 0.82, 0.84, 0.86, 0.87, 0.88, 0.9, 0.91, 0.91, 0.92, 0.93, 0.94, 0.94, 0.95, 0.95, 0.95, 0.95, 0.96, 0.96, 0.96, 0.97, 0.97, 0.97, 0.98, 0.98, 0.98, 0.98, 0.98, 0.98, 0.99, 0.99, 0.99, 0.99, 0.99, 0.99, 0.99, 0.99, 0.99, 0.99, 0.99, 0.99, 0.99, 0.99, 0.99, 0.99, 0.99, 0.99, 0.99, 0.99, 0.99, 1.0, 1.0, 1.0, 1.0, 1.0, 1.0, 1.0, 1.0, 1.0, 1.0, 1.0, 1.0, 1.0, 1.0, 1.0, 1.0, 1.0, 1.0, 1.0, 1.0, 1.0, 1.0, 1.0, 1.0, 1.0, 1.0, 1.0, 1.0, 1.0, 1.0, 1.0, 1.0, 1.0, 1.0, 1.0, 1.0, 1.0, 1.0, 1.0, 1.0, 1.0, 1.0, 1.0, 1.0
0.35, 0.5, 0.59, 0.65, 0.7, 0.73, 0.77, 0.79, 0.81, 0.83, 0.84, 0.86, 0.87, 0.88, 0.89, 0.9, 0.91, 0.91, 0.92, 0.93, 0.93, 0.94, 0.94, 0.94, 0.95, 0.95, 0.96, 0.96, 0.96, 0.96, 0.97, 0.97, 0.97, 0.97, 0.97, 0.98, 0.98, 0.98, 0.98, 0.98, 0.98, 0.99, 0.99, 0.99, 0.99, 0.99, 0.99, 0.99, 0.99, 0.99, 0.99, 0.99, 0.99, 0.99, 0.99, 0.99, 0.99, 0.99, 0.99, 0.99, 1.0, 1.0, 1.0, 1.0, 1.0, 1.0, 1.0, 1.0, 1.0, 1.0, 1.0, 1.0, 1.0, 1.0, 1.0, 1.0, 1.0, 1.0, 1.0, 1.0, 1.0, 1.0, 1.0, 1.0, 1.0, 1.0, 1.0, 1.0, 1.0, 1.0, 1.0, 1.0, 1.0, 1.0, 1.0, 1.0, 1.0, 1.0, 1.0, 1.0