experiment 14_0: test=viper. train=[grid. prid450. market. cuhk02]. with batchnorm. neural_d=concatenate
experiment 14_1: test=grid. train=[viper. prid450. market. cuhk02]. with batchnorm. neural_d=concatenate
experiment 14_2: test=prid450. train=[viper. grid. market. cuhk02]. with batchnorm. neural_d=concatenate
experiment 14_3: test=market. train=[viper. prid450. grid. cuhk02]. with batchnorm. neural_d=concatenate
experiment 14_4: test=cuhk02. train=[viper. prid450. grid. market]. with batchnorm. neural_d=concatenate

72.65, 1789.7, 8110.3, 27.35
78.6, 1779.75, 8120.25, 21.4
87.35, 2320.55, 7579.45, 12.65
75.4, 357.0, 9543.0, 24.6
80.05, 693.85, 9206.15, 19.95


0.16, 0.25, 0.31, 0.36, 0.41, 0.45, 0.49, 0.52, 0.54, 0.57, 0.6, 0.62, 0.64, 0.66, 0.67, 0.68, 0.7, 0.71, 0.72, 0.74, 0.75, 0.76, 0.77, 0.79, 0.79, 0.8, 0.81, 0.82, 0.83, 0.84, 0.84, 0.85, 0.86, 0.87, 0.87, 0.88, 0.88, 0.89, 0.89, 0.9, 0.9, 0.91, 0.91, 0.91, 0.92, 0.92, 0.93, 0.93, 0.93, 0.94, 0.94, 0.94, 0.95, 0.95, 0.95, 0.96, 0.96, 0.96, 0.96, 0.97, 0.97, 0.97, 0.97, 0.97, 0.97, 0.98, 0.98, 0.98, 0.98, 0.98, 0.99, 0.99, 0.99, 0.99, 0.99, 0.99, 0.99, 0.99, 0.99, 0.99, 0.99, 0.99, 0.99, 0.99, 0.99, 0.99, 1.0, 1.0, 1.0, 1.0, 1.0, 1.0, 1.0, 1.0, 1.0, 1.0, 1.0, 1.0, 1.0, 1.0
0.19, 0.28, 0.35, 0.41, 0.46, 0.52, 0.56, 0.59, 0.62, 0.64, 0.67, 0.69, 0.72, 0.73, 0.75, 0.76, 0.78, 0.79, 0.8, 0.81, 0.82, 0.83, 0.84, 0.85, 0.86, 0.87, 0.88, 0.88, 0.89, 0.9, 0.9, 0.91, 0.91, 0.91, 0.92, 0.93, 0.93, 0.93, 0.94, 0.94, 0.95, 0.95, 0.95, 0.96, 0.96, 0.96, 0.97, 0.97, 0.97, 0.97, 0.98, 0.98, 0.98, 0.98, 0.98, 0.98, 0.99, 0.99, 0.99, 0.99, 0.99, 0.99, 0.99, 0.99, 0.99, 0.99, 0.99, 0.99, 0.99, 1.0, 1.0, 1.0, 1.0, 1.0, 1.0, 1.0, 1.0, 1.0, 1.0, 1.0, 1.0, 1.0, 1.0, 1.0, 1.0, 1.0, 1.0, 1.0, 1.0, 1.0, 1.0, 1.0, 1.0, 1.0, 1.0, 1.0, 1.0, 1.0, 1.0, 1.0
0.2, 0.31, 0.38, 0.44, 0.48, 0.53, 0.57, 0.6, 0.63, 0.65, 0.68, 0.7, 0.72, 0.73, 0.75, 0.76, 0.78, 0.79, 0.8, 0.81, 0.82, 0.83, 0.84, 0.85, 0.86, 0.87, 0.88, 0.88, 0.89, 0.9, 0.9, 0.91, 0.92, 0.92, 0.93, 0.93, 0.94, 0.94, 0.94, 0.95, 0.95, 0.95, 0.96, 0.96, 0.96, 0.96, 0.97, 0.97, 0.97, 0.97, 0.98, 0.98, 0.98, 0.98, 0.98, 0.99, 0.99, 0.99, 0.99, 0.99, 0.99, 0.99, 0.99, 0.99, 0.99, 0.99, 0.99, 0.99, 1.0, 1.0, 1.0, 1.0, 1.0, 1.0, 1.0, 1.0, 1.0, 1.0, 1.0, 1.0, 1.0, 1.0, 1.0, 1.0, 1.0, 1.0, 1.0, 1.0, 1.0, 1.0, 1.0, 1.0, 1.0, 1.0, 1.0, 1.0, 1.0, 1.0, 1.0, 1.0
0.42, 0.58, 0.68, 0.74, 0.78, 0.82, 0.85, 0.87, 0.88, 0.89, 0.9, 0.91, 0.92, 0.93, 0.93, 0.94, 0.95, 0.95, 0.96, 0.96, 0.96, 0.97, 0.97, 0.97, 0.97, 0.97, 0.97, 0.97, 0.97, 0.98, 0.98, 0.98, 0.98, 0.98, 0.98, 0.98, 0.98, 0.99, 0.99, 0.99, 0.99, 0.99, 0.99, 0.99, 0.99, 0.99, 0.99, 0.99, 0.99, 0.99, 0.99, 0.99, 0.99, 0.99, 0.99, 0.99, 0.99, 0.99, 0.99, 0.99, 0.99, 0.99, 0.99, 1.0, 1.0, 1.0, 1.0, 1.0, 1.0, 1.0, 1.0, 1.0, 1.0, 1.0, 1.0, 1.0, 1.0, 1.0, 1.0, 1.0, 1.0, 1.0, 1.0, 1.0, 1.0, 1.0, 1.0, 1.0, 1.0, 1.0, 1.0, 1.0, 1.0, 1.0, 1.0, 1.0, 1.0, 1.0, 1.0, 1.0
0.37, 0.52, 0.61, 0.67, 0.72, 0.76, 0.78, 0.8, 0.82, 0.84, 0.85, 0.86, 0.88, 0.89, 0.9, 0.91, 0.92, 0.93, 0.93, 0.94, 0.94, 0.95, 0.95, 0.95, 0.96, 0.96, 0.96, 0.96, 0.97, 0.97, 0.97, 0.97, 0.97, 0.97, 0.98, 0.98, 0.98, 0.98, 0.98, 0.98, 0.98, 0.98, 0.99, 0.99, 0.99, 0.99, 0.99, 0.99, 0.99, 0.99, 0.99, 0.99, 0.99, 0.99, 0.99, 1.0, 1.0, 1.0, 1.0, 1.0, 1.0, 1.0, 1.0, 1.0, 1.0, 1.0, 1.0, 1.0, 1.0, 1.0, 1.0, 1.0, 1.0, 1.0, 1.0, 1.0, 1.0, 1.0, 1.0, 1.0, 1.0, 1.0, 1.0, 1.0, 1.0, 1.0, 1.0, 1.0, 1.0, 1.0, 1.0, 1.0, 1.0, 1.0, 1.0, 1.0, 1.0, 1.0, 1.0, 1.0