experiment 15_2_0: priming on viper. epoch=5. CLR diff
experiment 15_2_1: priming on grid. epoch=5. CLR diff
experiment 15_2_2: priming on prid450. epoch=5. CLR diff

61.8, 2299.1, 7600.9, 38.2
72.05, 1759.65, 8140.35, 27.95
62.15, 1979.8, 7920.2, 37.85

0.07, 0.13, 0.18, 0.23, 0.28, 0.3, 0.33, 0.36, 0.38, 0.41, 0.43, 0.45, 0.47, 0.49, 0.51, 0.53, 0.55, 0.56, 0.58, 0.59, 0.61, 0.62, 0.63, 0.65, 0.66, 0.67, 0.68, 0.69, 0.7, 0.71, 0.71, 0.72, 0.73, 0.74, 0.75, 0.76, 0.77, 0.78, 0.78, 0.79, 0.8, 0.81, 0.82, 0.83, 0.83, 0.84, 0.85, 0.85, 0.86, 0.87, 0.87, 0.88, 0.89, 0.89, 0.89, 0.9, 0.9, 0.91, 0.91, 0.92, 0.92, 0.93, 0.93, 0.93, 0.94, 0.94, 0.94, 0.95, 0.95, 0.96, 0.96, 0.96, 0.96, 0.96, 0.97, 0.97, 0.97, 0.97, 0.97, 0.98, 0.98, 0.98, 0.98, 0.99, 0.99, 0.99, 0.99, 0.99, 0.99, 0.99, 0.99, 0.99, 1.0, 1.0, 1.0, 1.0, 1.0, 1.0, 1.0, 1.0
0.11, 0.18, 0.24, 0.31, 0.36, 0.41, 0.45, 0.49, 0.52, 0.55, 0.57, 0.59, 0.62, 0.64, 0.66, 0.68, 0.7, 0.71, 0.73, 0.75, 0.76, 0.78, 0.79, 0.8, 0.81, 0.82, 0.82, 0.83, 0.84, 0.85, 0.86, 0.87, 0.87, 0.88, 0.89, 0.89, 0.9, 0.9, 0.91, 0.91, 0.92, 0.92, 0.93, 0.93, 0.93, 0.93, 0.93, 0.94, 0.94, 0.94, 0.94, 0.95, 0.95, 0.95, 0.95, 0.95, 0.96, 0.96, 0.96, 0.96, 0.97, 0.97, 0.97, 0.97, 0.97, 0.98, 0.98, 0.98, 0.98, 0.98, 0.98, 0.98, 0.98, 0.98, 0.99, 0.99, 0.99, 0.99, 0.99, 0.99, 0.99, 0.99, 1.0, 1.0, 1.0, 1.0, 1.0, 1.0, 1.0, 1.0, 1.0, 1.0, 1.0, 1.0, 1.0, 1.0, 1.0, 1.0, 1.0, 1.0
0.09, 0.15, 0.21, 0.25, 0.29, 0.33, 0.36, 0.38, 0.41, 0.44, 0.46, 0.49, 0.51, 0.53, 0.54, 0.56, 0.58, 0.59, 0.6, 0.62, 0.63, 0.65, 0.66, 0.67, 0.69, 0.69, 0.71, 0.72, 0.73, 0.74, 0.75, 0.76, 0.77, 0.78, 0.79, 0.8, 0.81, 0.82, 0.83, 0.84, 0.84, 0.85, 0.86, 0.87, 0.88, 0.88, 0.89, 0.9, 0.9, 0.91, 0.91, 0.92, 0.92, 0.93, 0.93, 0.94, 0.95, 0.95, 0.95, 0.96, 0.96, 0.96, 0.97, 0.97, 0.97, 0.97, 0.98, 0.98, 0.98, 0.98, 0.98, 0.98, 0.99, 0.99, 0.99, 0.99, 0.99, 0.99, 0.99, 0.99, 0.99, 0.99, 1.0, 1.0, 1.0, 1.0, 1.0, 1.0, 1.0, 1.0, 1.0, 1.0, 1.0, 1.0, 1.0, 1.0, 1.0, 1.0, 1.0, 1.0

44.7, 2701.4, 7198.6, 55.3
74.15, 2460.6, 7439.4, 25.85
46.35, 3069.4, 6830.6, 53.65

0.04, 0.08, 0.11, 0.12, 0.15, 0.16, 0.19, 0.2, 0.22, 0.24, 0.26, 0.28, 0.29, 0.31, 0.32, 0.33, 0.35, 0.36, 0.37, 0.39, 0.41, 0.42, 0.43, 0.44, 0.45, 0.47, 0.48, 0.49, 0.5, 0.51, 0.53, 0.54, 0.55, 0.56, 0.57, 0.58, 0.59, 0.6, 0.61, 0.62, 0.62, 0.63, 0.65, 0.65, 0.66, 0.67, 0.67, 0.68, 0.69, 0.7, 0.71, 0.72, 0.73, 0.74, 0.74, 0.75, 0.76, 0.78, 0.79, 0.79, 0.8, 0.81, 0.81, 0.82, 0.83, 0.83, 0.84, 0.85, 0.85, 0.86, 0.86, 0.87, 0.87, 0.88, 0.89, 0.89, 0.9, 0.91, 0.91, 0.92, 0.92, 0.93, 0.94, 0.95, 0.95, 0.96, 0.97, 0.97, 0.97, 0.98, 0.98, 0.98, 0.98, 0.99, 0.99, 0.99, 0.99, 1.0, 1.0, 1.0
0.08, 0.14, 0.19, 0.24, 0.3, 0.33, 0.37, 0.4, 0.43, 0.46, 0.49, 0.52, 0.54, 0.56, 0.58, 0.6, 0.62, 0.63, 0.65, 0.67, 0.69, 0.7, 0.72, 0.73, 0.74, 0.76, 0.77, 0.78, 0.79, 0.8, 0.81, 0.81, 0.82, 0.83, 0.84, 0.84, 0.85, 0.86, 0.86, 0.87, 0.87, 0.88, 0.88, 0.89, 0.9, 0.9, 0.91, 0.91, 0.91, 0.91, 0.92, 0.92, 0.93, 0.93, 0.93, 0.94, 0.94, 0.94, 0.95, 0.95, 0.95, 0.95, 0.96, 0.96, 0.96, 0.97, 0.97, 0.97, 0.97, 0.97, 0.98, 0.98, 0.98, 0.98, 0.98, 0.98, 0.99, 0.99, 0.99, 0.99, 0.99, 0.99, 0.99, 0.99, 0.99, 0.99, 0.99, 0.99, 0.99, 0.99, 0.99, 1.0, 1.0, 1.0, 1.0, 1.0, 1.0, 1.0, 1.0, 1.0
0.04, 0.07, 0.09, 0.11, 0.13, 0.15, 0.17, 0.19, 0.2, 0.22, 0.24, 0.25, 0.27, 0.28, 0.29, 0.3, 0.32, 0.32, 0.34, 0.34, 0.35, 0.36, 0.38, 0.39, 0.4, 0.41, 0.43, 0.44, 0.45, 0.46, 0.47, 0.48, 0.49, 0.51, 0.52, 0.53, 0.54, 0.55, 0.56, 0.57, 0.58, 0.59, 0.6, 0.61, 0.62, 0.63, 0.64, 0.65, 0.67, 0.68, 0.69, 0.7, 0.71, 0.72, 0.73, 0.75, 0.75, 0.76, 0.77, 0.78, 0.79, 0.8, 0.81, 0.82, 0.83, 0.83, 0.84, 0.85, 0.86, 0.86, 0.87, 0.88, 0.89, 0.89, 0.9, 0.9, 0.91, 0.92, 0.92, 0.93, 0.94, 0.94, 0.95, 0.95, 0.96, 0.96, 0.97, 0.97, 0.98, 0.98, 0.98, 0.99, 0.99, 0.99, 0.99, 1.0, 1.0, 1.0, 1.0, 1.0
