experiment 19_2_0: priming on viper. epoch=5. LR=0.000001
experiment 19_2_1: priming on grid. epoch=5. LR=0.000001
experiment 19_2_2: priming on prid450. epoch=5. LR=0.000001

69.15, 3677.15, 6222.85, 30.85
72.95, 2676.1, 7223.9, 27.05
74.7, 3563.15, 6336.85, 25.3

0.05, 0.1, 0.13, 0.17, 0.22, 0.25, 0.27, 0.29, 0.32, 0.35, 0.37, 0.39, 0.41, 0.42, 0.44, 0.45, 0.47, 0.48, 0.5, 0.51, 0.52, 0.54, 0.55, 0.56, 0.58, 0.59, 0.6, 0.61, 0.62, 0.64, 0.65, 0.66, 0.67, 0.68, 0.69, 0.7, 0.71, 0.72, 0.72, 0.73, 0.74, 0.75, 0.76, 0.76, 0.77, 0.78, 0.79, 0.8, 0.8, 0.81, 0.82, 0.83, 0.83, 0.84, 0.84, 0.85, 0.86, 0.86, 0.87, 0.88, 0.88, 0.89, 0.89, 0.9, 0.9, 0.91, 0.91, 0.91, 0.92, 0.92, 0.93, 0.93, 0.93, 0.94, 0.94, 0.94, 0.95, 0.95, 0.95, 0.96, 0.96, 0.96, 0.96, 0.97, 0.97, 0.97, 0.97, 0.97, 0.98, 0.98, 0.98, 0.98, 0.99, 0.99, 0.99, 0.99, 1.0, 1.0, 1.0, 1.0
0.06, 0.12, 0.17, 0.23, 0.27, 0.31, 0.34, 0.37, 0.4, 0.44, 0.46, 0.48, 0.5, 0.52, 0.55, 0.57, 0.59, 0.61, 0.62, 0.64, 0.66, 0.67, 0.68, 0.7, 0.71, 0.72, 0.73, 0.74, 0.75, 0.76, 0.77, 0.78, 0.79, 0.8, 0.81, 0.82, 0.83, 0.83, 0.84, 0.85, 0.86, 0.86, 0.86, 0.87, 0.88, 0.88, 0.89, 0.89, 0.89, 0.9, 0.9, 0.91, 0.91, 0.92, 0.92, 0.93, 0.93, 0.93, 0.94, 0.94, 0.95, 0.95, 0.95, 0.95, 0.96, 0.96, 0.96, 0.97, 0.97, 0.97, 0.97, 0.98, 0.98, 0.98, 0.98, 0.98, 0.98, 0.98, 0.99, 0.99, 0.99, 0.99, 0.99, 0.99, 0.99, 0.99, 0.99, 0.99, 1.0, 1.0, 1.0, 1.0, 1.0, 1.0, 1.0, 1.0, 1.0, 1.0, 1.0, 1.0
0.06, 0.1, 0.14, 0.17, 0.2, 0.23, 0.25, 0.27, 0.3, 0.32, 0.34, 0.36, 0.38, 0.4, 0.41, 0.43, 0.45, 0.47, 0.48, 0.5, 0.51, 0.53, 0.54, 0.56, 0.58, 0.59, 0.61, 0.61, 0.63, 0.64, 0.66, 0.67, 0.68, 0.69, 0.7, 0.71, 0.72, 0.74, 0.75, 0.76, 0.76, 0.77, 0.79, 0.8, 0.81, 0.81, 0.83, 0.83, 0.84, 0.85, 0.86, 0.87, 0.88, 0.88, 0.89, 0.9, 0.9, 0.91, 0.91, 0.92, 0.92, 0.93, 0.93, 0.94, 0.94, 0.95, 0.95, 0.96, 0.96, 0.96, 0.97, 0.97, 0.97, 0.97, 0.98, 0.98, 0.98, 0.98, 0.99, 0.99, 0.99, 0.99, 0.99, 0.99, 0.99, 0.99, 0.99, 0.99, 0.99, 0.99, 0.99, 1.0, 1.0, 1.0, 1.0, 1.0, 1.0, 1.0, 1.0, 1.0

59.05, 5063.25, 4836.75, 40.95
74.8, 5018.2, 4881.8, 25.2
53.35, 5122.1, 4777.9, 46.65

0.02, 0.05, 0.06, 0.07, 0.09, 0.1, 0.12, 0.13, 0.15, 0.16, 0.18, 0.19, 0.21, 0.21, 0.22, 0.24, 0.25, 0.26, 0.27, 0.28, 0.29, 0.3, 0.31, 0.32, 0.33, 0.34, 0.34, 0.35, 0.37, 0.37, 0.38, 0.39, 0.4, 0.41, 0.42, 0.44, 0.44, 0.45, 0.46, 0.48, 0.48, 0.49, 0.5, 0.51, 0.52, 0.53, 0.54, 0.55, 0.55, 0.56, 0.57, 0.58, 0.59, 0.6, 0.61, 0.62, 0.63, 0.64, 0.66, 0.67, 0.68, 0.68, 0.7, 0.71, 0.72, 0.73, 0.73, 0.74, 0.75, 0.76, 0.77, 0.78, 0.79, 0.8, 0.81, 0.82, 0.83, 0.84, 0.84, 0.85, 0.86, 0.87, 0.87, 0.88, 0.89, 0.9, 0.91, 0.91, 0.92, 0.93, 0.94, 0.94, 0.95, 0.96, 0.97, 0.98, 0.98, 0.99, 0.99, 1.0
0.04, 0.07, 0.09, 0.13, 0.15, 0.18, 0.21, 0.23, 0.25, 0.28, 0.3, 0.32, 0.33, 0.35, 0.36, 0.38, 0.39, 0.4, 0.42, 0.43, 0.44, 0.46, 0.48, 0.49, 0.5, 0.51, 0.52, 0.53, 0.55, 0.56, 0.57, 0.58, 0.59, 0.59, 0.61, 0.62, 0.64, 0.65, 0.66, 0.67, 0.68, 0.68, 0.69, 0.71, 0.72, 0.72, 0.73, 0.74, 0.75, 0.76, 0.76, 0.77, 0.78, 0.79, 0.8, 0.81, 0.81, 0.82, 0.83, 0.83, 0.84, 0.85, 0.85, 0.86, 0.87, 0.87, 0.88, 0.88, 0.89, 0.89, 0.9, 0.9, 0.91, 0.92, 0.92, 0.92, 0.93, 0.93, 0.94, 0.94, 0.95, 0.95, 0.95, 0.96, 0.97, 0.97, 0.97, 0.97, 0.98, 0.98, 0.99, 0.99, 0.99, 1.0, 1.0, 1.0, 1.0, 1.0, 1.0, 1.0
0.02, 0.02, 0.02, 0.03, 0.03, 0.03, 0.04, 0.04, 0.04, 0.05, 0.05, 0.05, 0.05, 0.06, 0.06, 0.07, 0.07, 0.07, 0.08, 0.08, 0.08, 0.08, 0.08, 0.08, 0.08, 0.09, 0.09, 0.09, 0.09, 0.09, 0.09, 0.09, 0.09, 0.1, 0.1, 0.1, 0.1, 0.1, 0.11, 0.11, 0.1, 0.1, 0.1, 0.11, 0.11, 0.1, 0.1, 0.1, 0.1, 0.1, 0.1, 0.1, 0.1, 0.1, 0.1, 0.09, 0.09, 0.09, 0.09, 0.09, 0.09, 0.08, 0.08, 0.08, 0.08, 0.08, 0.07, 0.07, 0.07, 0.07, 0.07, 0.07, 0.07, 0.07, 0.06, 0.07, 0.07, 0.06, 0.06, 0.06, 0.06, 0.05, 0.05, 0.05, 0.04, 0.04, 0.04, 0.03, 0.03, 0.03, 0.03, 0.03, 0.02, 0.02, 0.02, 0.02, 0.01, 0.01, 0.0, 0.0
