experiment 25_0: test=viper. train=[grid. prid450. cuhk02. market
experiment 25_1: test=grid. train=viper. prid450. cuhk02. market
experiment 25_2: test=prid450. train=viper. prid450. cuhk02. market

71.05, 1646.1, 8253.9, 28.95
78.5, 1838.7, 8061.3, 21.5
88.7, 2734.6, 7165.4, 11.3

0.16, 0.25, 0.32, 0.37, 0.42, 0.46, 0.5, 0.53, 0.56, 0.58, 0.6, 0.62, 0.65, 0.66, 0.68, 0.69, 0.71, 0.72, 0.74, 0.75, 0.76, 0.77, 0.79, 0.8, 0.81, 0.81, 0.82, 0.83, 0.84, 0.84, 0.85, 0.86, 0.87, 0.87, 0.88, 0.88, 0.88, 0.89, 0.9, 0.9, 0.91, 0.91, 0.92, 0.92, 0.93, 0.93, 0.93, 0.93, 0.94, 0.94, 0.94, 0.95, 0.95, 0.95, 0.96, 0.96, 0.96, 0.96, 0.97, 0.97, 0.97, 0.97, 0.97, 0.98, 0.98, 0.98, 0.98, 0.98, 0.98, 0.98, 0.99, 0.99, 0.99, 0.99, 0.99, 0.99, 0.99, 0.99, 0.99, 0.99, 1.0, 1.0, 1.0, 1.0, 1.0, 1.0, 1.0, 1.0, 1.0, 1.0, 1.0, 1.0, 1.0, 1.0, 1.0, 1.0, 1.0, 1.0, 1.0, 1.0
0.17, 0.27, 0.35, 0.41, 0.46, 0.5, 0.54, 0.58, 0.6, 0.62, 0.64, 0.67, 0.69, 0.71, 0.73, 0.76, 0.77, 0.79, 0.8, 0.82, 0.83, 0.84, 0.85, 0.86, 0.86, 0.87, 0.88, 0.89, 0.89, 0.9, 0.91, 0.91, 0.92, 0.92, 0.93, 0.93, 0.93, 0.94, 0.94, 0.94, 0.95, 0.95, 0.95, 0.96, 0.96, 0.96, 0.96, 0.96, 0.96, 0.97, 0.97, 0.97, 0.97, 0.97, 0.97, 0.97, 0.98, 0.98, 0.98, 0.98, 0.98, 0.98, 0.98, 0.98, 0.99, 0.99, 0.99, 0.99, 0.99, 0.99, 0.99, 0.99, 0.99, 0.99, 0.99, 1.0, 1.0, 1.0, 1.0, 1.0, 1.0, 1.0, 1.0, 1.0, 1.0, 1.0, 1.0, 1.0, 1.0, 1.0, 1.0, 1.0, 1.0, 1.0, 1.0, 1.0, 1.0, 1.0, 1.0, 1.0
0.19, 0.3, 0.37, 0.41, 0.46, 0.5, 0.53, 0.56, 0.59, 0.62, 0.65, 0.67, 0.69, 0.71, 0.72, 0.74, 0.76, 0.77, 0.78, 0.79, 0.8, 0.81, 0.82, 0.84, 0.85, 0.86, 0.87, 0.88, 0.88, 0.88, 0.89, 0.9, 0.91, 0.91, 0.92, 0.92, 0.92, 0.93, 0.93, 0.94, 0.94, 0.95, 0.95, 0.95, 0.95, 0.96, 0.96, 0.96, 0.96, 0.97, 0.97, 0.97, 0.97, 0.98, 0.98, 0.98, 0.98, 0.98, 0.98, 0.99, 0.99, 0.99, 0.99, 0.99, 0.99, 0.99, 0.99, 1.0, 1.0, 1.0, 1.0, 1.0, 1.0, 1.0, 1.0, 1.0, 1.0, 1.0, 1.0, 1.0, 1.0, 1.0, 1.0, 1.0, 1.0, 1.0, 1.0, 1.0, 1.0, 1.0, 1.0, 1.0, 1.0, 1.0, 1.0, 1.0, 1.0, 1.0, 1.0, 1.0