
name_of_experiment:         experiment 1_0_0: viper, neural_distance=absolute
file_name:                  siamese_cnn_image.pyc
date:                       07/08/2017   13:03:32
duration:                   3382.916328
viper mean tp,fp,tn,fn:    [18.55, 424.5, 9475.5, 81.45]
viper std tp,fp,tn,fn:     [12.46, 341.83, 341.83, 12.46]
viper detection rate (TP/(TP+FN)):      0.1855
viper false alarm (FP/(FP+TN)):        0.0428787878788
viper mean ranking:        [0.08, 0.15, 0.2, 0.24, 0.27, 0.31, 0.34, 0.37, 0.4, 0.43, 0.45, 0.47, 0.49, 0.51, 0.53, 0.55, 0.57, 0.58, 0.6, 0.62, 0.63, 0.65, 0.66, 0.68, 0.69, 0.7, 0.7, 0.72, 0.73, 0.74, 0.74, 0.75, 0.76, 0.77, 0.78, 0.78, 0.79, 0.8, 0.8, 0.81, 0.82, 0.83, 0.83, 0.84, 0.84, 0.84, 0.85, 0.86, 0.86, 0.87, 0.87, 0.88, 0.88, 0.89, 0.89, 0.9, 0.9, 0.91, 0.91, 0.91, 0.92, 0.92, 0.92, 0.93, 0.93, 0.94, 0.94, 0.94, 0.95, 0.95, 0.95, 0.95, 0.95, 0.96, 0.96, 0.96, 0.96, 0.96, 0.97, 0.97, 0.97, 0.98, 0.98, 0.98, 0.98, 0.99, 0.99, 0.99, 0.99, 0.99, 0.99, 0.99, 1.0, 1.0, 1.0, 1.0, 1.0, 1.0, 1.0, 1.0]
viper std ranking:         [0.04, 0.05, 0.06, 0.08, 0.07, 0.09, 0.1, 0.11, 0.12, 0.12, 0.12, 0.13, 0.13, 0.13, 0.14, 0.14, 0.14, 0.14, 0.15, 0.15, 0.15, 0.15, 0.15, 0.16, 0.15, 0.15, 0.15, 0.15, 0.15, 0.15, 0.15, 0.15, 0.15, 0.15, 0.15, 0.15, 0.14, 0.14, 0.14, 0.14, 0.14, 0.14, 0.14, 0.13, 0.13, 0.13, 0.12, 0.12, 0.12, 0.11, 0.11, 0.11, 0.11, 0.11, 0.1, 0.1, 0.1, 0.1, 0.1, 0.1, 0.09, 0.09, 0.09, 0.08, 0.08, 0.08, 0.08, 0.07, 0.07, 0.07, 0.06, 0.06, 0.06, 0.06, 0.06, 0.06, 0.05, 0.05, 0.05, 0.04, 0.04, 0.04, 0.03, 0.03, 0.03, 0.03, 0.02, 0.02, 0.02, 0.01, 0.01, 0.01, 0.01, 0.01, 0.01, 0.01, 0.0, 0.0, 0.0, 0.0]
viper G mean tp,fp,tn,fn:    [18.55, 40.1, 859.9, 81.45]
viper G std tp,fp,tn,fn:     [12.46, 37.16, 37.16, 12.46]


name_of_experiment:         experiment 1_1_0: viper, neural_distance=subtract
file_name:                  siamese_cnn_image.pyc
date:                       07/08/2017   13:59:31
duration:                   3356.138146
viper mean tp,fp,tn,fn:    [46.85, 1394.4, 8505.6, 53.15]
viper std tp,fp,tn,fn:     [10.88, 383.68, 383.68, 10.88]
viper detection rate (TP/(TP+FN)):      0.4685
viper false alarm (FP/(FP+TN)):        0.140848484848
viper mean ranking:        [0.09, 0.16, 0.2, 0.25, 0.29, 0.33, 0.36, 0.39, 0.41, 0.43, 0.45, 0.48, 0.5, 0.52, 0.54, 0.56, 0.57, 0.58, 0.6, 0.62, 0.64, 0.65, 0.67, 0.68, 0.69, 0.7, 0.72, 0.72, 0.73, 0.74, 0.75, 0.76, 0.77, 0.78, 0.79, 0.8, 0.81, 0.81, 0.82, 0.82, 0.83, 0.84, 0.84, 0.85, 0.85, 0.86, 0.87, 0.87, 0.88, 0.88, 0.89, 0.89, 0.9, 0.9, 0.91, 0.91, 0.92, 0.92, 0.92, 0.93, 0.93, 0.94, 0.94, 0.94, 0.95, 0.95, 0.95, 0.95, 0.95, 0.96, 0.96, 0.96, 0.96, 0.97, 0.97, 0.97, 0.97, 0.97, 0.97, 0.98, 0.98, 0.98, 0.98, 0.98, 0.99, 0.99, 0.99, 0.99, 0.99, 0.99, 0.99, 1.0, 1.0, 1.0, 1.0, 1.0, 1.0, 1.0, 1.0, 1.0]
viper std ranking:         [0.04, 0.06, 0.07, 0.08, 0.09, 0.1, 0.1, 0.11, 0.11, 0.11, 0.11, 0.11, 0.12, 0.12, 0.12, 0.11, 0.12, 0.11, 0.12, 0.12, 0.11, 0.11, 0.12, 0.11, 0.11, 0.11, 0.11, 0.11, 0.11, 0.11, 0.11, 0.1, 0.1, 0.1, 0.09, 0.09, 0.09, 0.09, 0.09, 0.09, 0.09, 0.09, 0.08, 0.08, 0.08, 0.08, 0.07, 0.07, 0.07, 0.07, 0.07, 0.07, 0.07, 0.06, 0.06, 0.06, 0.06, 0.06, 0.06, 0.06, 0.05, 0.05, 0.05, 0.04, 0.04, 0.04, 0.04, 0.04, 0.04, 0.04, 0.04, 0.03, 0.03, 0.03, 0.03, 0.03, 0.03, 0.03, 0.03, 0.02, 0.02, 0.02, 0.02, 0.02, 0.02, 0.01, 0.01, 0.01, 0.01, 0.01, 0.01, 0.01, 0.01, 0.0, 0.0, 0.0, 0.0, 0.0, 0.0, 0.0]
viper G mean tp,fp,tn,fn:    [46.85, 123.95, 776.05, 53.15]
viper G std tp,fp,tn,fn:     [10.88, 48.4, 48.4, 10.88]


name_of_experiment:         experiment 1_2_0: viper, neural_distance=concatenate
file_name:                  siamese_cnn_image.pyc
date:                       07/08/2017   14:55:12
duration:                   3337.585669
viper mean tp,fp,tn,fn:    [53.7, 2114.15, 7785.85, 46.3]
viper std tp,fp,tn,fn:     [16.88, 605.78, 605.78, 16.88]
viper detection rate (TP/(TP+FN)):      0.537
viper false alarm (FP/(FP+TN)):        0.213550505051
viper mean ranking:        [0.07, 0.12, 0.17, 0.2, 0.24, 0.27, 0.3, 0.32, 0.34, 0.37, 0.39, 0.41, 0.43, 0.45, 0.46, 0.48, 0.5, 0.51, 0.53, 0.55, 0.56, 0.58, 0.59, 0.61, 0.62, 0.63, 0.64, 0.65, 0.66, 0.68, 0.69, 0.7, 0.71, 0.72, 0.73, 0.74, 0.74, 0.76, 0.76, 0.77, 0.78, 0.78, 0.79, 0.8, 0.81, 0.81, 0.82, 0.82, 0.83, 0.83, 0.84, 0.85, 0.86, 0.86, 0.87, 0.87, 0.87, 0.88, 0.88, 0.89, 0.89, 0.9, 0.9, 0.91, 0.91, 0.92, 0.92, 0.93, 0.93, 0.93, 0.94, 0.94, 0.94, 0.95, 0.95, 0.95, 0.96, 0.96, 0.96, 0.96, 0.97, 0.97, 0.97, 0.97, 0.98, 0.98, 0.98, 0.98, 0.98, 0.99, 0.99, 0.99, 0.99, 0.99, 0.99, 1.0, 1.0, 1.0, 1.0, 1.0]
viper std ranking:         [0.04, 0.07, 0.08, 0.09, 0.1, 0.11, 0.11, 0.12, 0.13, 0.14, 0.14, 0.15, 0.16, 0.15, 0.16, 0.16, 0.16, 0.16, 0.16, 0.17, 0.17, 0.17, 0.17, 0.18, 0.18, 0.18, 0.18, 0.18, 0.18, 0.18, 0.18, 0.18, 0.18, 0.17, 0.17, 0.17, 0.17, 0.17, 0.17, 0.17, 0.16, 0.16, 0.16, 0.16, 0.16, 0.16, 0.16, 0.16, 0.16, 0.15, 0.15, 0.15, 0.14, 0.14, 0.13, 0.13, 0.13, 0.13, 0.13, 0.12, 0.12, 0.11, 0.1, 0.1, 0.09, 0.09, 0.09, 0.09, 0.09, 0.08, 0.08, 0.07, 0.07, 0.07, 0.06, 0.06, 0.06, 0.05, 0.05, 0.05, 0.05, 0.04, 0.04, 0.04, 0.03, 0.03, 0.03, 0.03, 0.03, 0.02, 0.02, 0.02, 0.02, 0.01, 0.01, 0.01, 0.0, 0.0, 0.0, 0.0]
viper G mean tp,fp,tn,fn:    [53.7, 190.5, 709.5, 46.3]
viper G std tp,fp,tn,fn:     [16.88, 50.21, 50.21, 16.88]


name_of_experiment:         experiment 1_3_0: viper, neural_distance=divide
file_name:                  siamese_cnn_image.pyc
date:                       07/08/2017   15:49:55
duration:                   3278.722434
viper mean tp,fp,tn,fn:    [7.15, 680.1, 9219.9, 92.85]
viper std tp,fp,tn,fn:     [17.4, 1652.77, 1652.77, 17.4]
viper detection rate (TP/(TP+FN)):      0.0715
viper false alarm (FP/(FP+TN)):        0.068696969697
viper mean ranking:        [0.01, 0.02, 0.03, 0.04, 0.05, 0.06, 0.07, 0.08, 0.09, 0.1, 0.11, 0.12, 0.13, 0.14, 0.15, 0.17, 0.17, 0.19, 0.19, 0.2, 0.21, 0.22, 0.24, 0.25, 0.26, 0.26, 0.27, 0.28, 0.29, 0.3, 0.31, 0.32, 0.33, 0.34, 0.35, 0.36, 0.37, 0.38, 0.39, 0.4, 0.41, 0.42, 0.43, 0.44, 0.45, 0.46, 0.47, 0.48, 0.49, 0.5, 0.51, 0.52, 0.53, 0.54, 0.55, 0.56, 0.57, 0.58, 0.59, 0.6, 0.61, 0.62, 0.63, 0.65, 0.66, 0.67, 0.67, 0.68, 0.69, 0.7, 0.71, 0.72, 0.73, 0.74, 0.75, 0.76, 0.77, 0.78, 0.79, 0.8, 0.81, 0.82, 0.83, 0.84, 0.85, 0.86, 0.87, 0.88, 0.89, 0.9, 0.91, 0.92, 0.93, 0.94, 0.95, 0.96, 0.97, 0.98, 0.99, 1.0]
viper std ranking:         [0.0, 0.01, 0.01, 0.01, 0.01, 0.01, 0.0, 0.0, 0.01, 0.01, 0.01, 0.01, 0.01, 0.01, 0.01, 0.01, 0.01, 0.01, 0.01, 0.01, 0.01, 0.01, 0.02, 0.02, 0.02, 0.02, 0.02, 0.02, 0.02, 0.01, 0.01, 0.01, 0.01, 0.01, 0.01, 0.01, 0.01, 0.02, 0.01, 0.02, 0.02, 0.01, 0.01, 0.02, 0.01, 0.01, 0.01, 0.01, 0.01, 0.01, 0.01, 0.01, 0.01, 0.01, 0.01, 0.01, 0.01, 0.01, 0.01, 0.01, 0.01, 0.01, 0.01, 0.01, 0.02, 0.01, 0.01, 0.01, 0.01, 0.01, 0.01, 0.01, 0.01, 0.01, 0.0, 0.0, 0.0, 0.0, 0.01, 0.01, 0.01, 0.01, 0.01, 0.01, 0.01, 0.01, 0.01, 0.01, 0.01, 0.01, 0.01, 0.01, 0.01, 0.01, 0.0, 0.0, 0.0, 0.0, 0.0, 0.0]
viper G mean tp,fp,tn,fn:    [7.15, 59.5, 840.5, 92.85]
viper G std tp,fp,tn,fn:     [17.4, 144.51, 144.51, 17.4]


name_of_experiment:         experiment 1_4_0: viper, neural_distance=add
file_name:                  siamese_cnn_image.pyc
date:                       07/08/2017   16:45:20
duration:                   3321.614704
viper mean tp,fp,tn,fn:    [51.3, 2178.75, 7721.25, 48.7]
viper std tp,fp,tn,fn:     [15.01, 944.33, 944.33, 15.01]
viper detection rate (TP/(TP+FN)):      0.513
viper false alarm (FP/(FP+TN)):        0.220075757576
viper mean ranking:        [0.05, 0.09, 0.12, 0.14, 0.17, 0.2, 0.23, 0.25, 0.28, 0.31, 0.33, 0.35, 0.37, 0.39, 0.41, 0.43, 0.45, 0.47, 0.48, 0.49, 0.51, 0.53, 0.54, 0.56, 0.57, 0.59, 0.6, 0.62, 0.64, 0.65, 0.66, 0.67, 0.69, 0.7, 0.7, 0.72, 0.73, 0.74, 0.75, 0.76, 0.77, 0.78, 0.79, 0.79, 0.8, 0.81, 0.82, 0.82, 0.83, 0.84, 0.84, 0.85, 0.85, 0.86, 0.86, 0.87, 0.87, 0.88, 0.88, 0.89, 0.89, 0.89, 0.9, 0.91, 0.91, 0.91, 0.91, 0.92, 0.92, 0.92, 0.92, 0.93, 0.93, 0.93, 0.94, 0.94, 0.95, 0.95, 0.95, 0.95, 0.96, 0.96, 0.96, 0.97, 0.97, 0.97, 0.97, 0.97, 0.98, 0.98, 0.98, 0.98, 0.99, 0.99, 0.99, 0.99, 0.99, 0.99, 1.0, 1.0]
viper std ranking:         [0.03, 0.04, 0.05, 0.06, 0.06, 0.07, 0.07, 0.08, 0.08, 0.09, 0.09, 0.09, 0.09, 0.1, 0.1, 0.11, 0.11, 0.11, 0.11, 0.11, 0.12, 0.12, 0.12, 0.12, 0.12, 0.13, 0.13, 0.13, 0.13, 0.13, 0.13, 0.13, 0.13, 0.13, 0.12, 0.13, 0.12, 0.12, 0.12, 0.12, 0.12, 0.12, 0.12, 0.12, 0.12, 0.11, 0.11, 0.12, 0.12, 0.12, 0.11, 0.11, 0.11, 0.11, 0.11, 0.1, 0.11, 0.1, 0.1, 0.1, 0.09, 0.09, 0.09, 0.09, 0.09, 0.09, 0.09, 0.09, 0.08, 0.08, 0.08, 0.08, 0.08, 0.07, 0.07, 0.07, 0.06, 0.06, 0.06, 0.06, 0.05, 0.05, 0.05, 0.04, 0.04, 0.04, 0.04, 0.04, 0.03, 0.03, 0.03, 0.02, 0.02, 0.02, 0.02, 0.02, 0.01, 0.01, 0.01, 0.0]
viper G mean tp,fp,tn,fn:    [51.3, 190.85, 709.15, 48.7]
viper G std tp,fp,tn,fn:     [15.01, 90.19, 90.19, 15.01]


name_of_experiment:         experiment 1_5_0: viper, neural_distance=multiply
file_name:                  siamese_cnn_image.pyc
date:                       07/08/2017   17:40:17
duration:                   3293.375214
viper mean tp,fp,tn,fn:    [26.05, 712.35, 9187.65, 73.95]
viper std tp,fp,tn,fn:     [13.07, 540.03, 540.03, 13.07]
viper detection rate (TP/(TP+FN)):      0.2605
viper false alarm (FP/(FP+TN)):        0.0719545454545
viper mean ranking:        [0.07, 0.13, 0.17, 0.2, 0.23, 0.27, 0.29, 0.32, 0.34, 0.37, 0.39, 0.41, 0.42, 0.44, 0.46, 0.48, 0.5, 0.52, 0.54, 0.55, 0.56, 0.57, 0.58, 0.59, 0.6, 0.61, 0.63, 0.64, 0.65, 0.66, 0.67, 0.68, 0.69, 0.7, 0.71, 0.72, 0.73, 0.74, 0.75, 0.76, 0.77, 0.77, 0.78, 0.79, 0.8, 0.8, 0.81, 0.82, 0.83, 0.84, 0.84, 0.85, 0.85, 0.86, 0.86, 0.87, 0.88, 0.89, 0.89, 0.89, 0.9, 0.9, 0.91, 0.91, 0.92, 0.92, 0.93, 0.93, 0.93, 0.94, 0.94, 0.94, 0.95, 0.95, 0.95, 0.96, 0.96, 0.96, 0.97, 0.97, 0.97, 0.97, 0.98, 0.98, 0.98, 0.98, 0.99, 0.99, 0.99, 0.99, 0.99, 0.99, 0.99, 0.99, 0.99, 1.0, 1.0, 1.0, 1.0, 1.0]
viper std ranking:         [0.03, 0.05, 0.06, 0.06, 0.07, 0.08, 0.09, 0.1, 0.1, 0.1, 0.11, 0.11, 0.12, 0.12, 0.12, 0.12, 0.12, 0.12, 0.12, 0.12, 0.13, 0.13, 0.13, 0.13, 0.13, 0.13, 0.13, 0.13, 0.13, 0.13, 0.13, 0.13, 0.13, 0.13, 0.12, 0.12, 0.12, 0.12, 0.12, 0.12, 0.11, 0.11, 0.1, 0.1, 0.1, 0.1, 0.09, 0.09, 0.09, 0.09, 0.09, 0.09, 0.09, 0.08, 0.08, 0.08, 0.07, 0.07, 0.07, 0.07, 0.06, 0.06, 0.06, 0.06, 0.05, 0.05, 0.05, 0.05, 0.05, 0.04, 0.04, 0.04, 0.04, 0.04, 0.04, 0.04, 0.03, 0.03, 0.03, 0.03, 0.03, 0.03, 0.02, 0.02, 0.02, 0.02, 0.01, 0.01, 0.01, 0.01, 0.01, 0.01, 0.01, 0.01, 0.01, 0.01, 0.0, 0.0, 0.0, 0.0]
viper G mean tp,fp,tn,fn:    [26.05, 71.15, 828.85, 73.95]
viper G std tp,fp,tn,fn:     [13.07, 72.39, 72.39, 13.07]

