
name_of_experiment:         experiment 4_0_0: test=viper, train=[grid, prid450], no batchnorm, using selu + alphadropout=0.05
file_name:                  siamese_cnn_image.pyc
date:                       05/08/2017   03:47:56
duration:                   39000.803995
viper mean tp,fp,tn,fn:    [17.7, 167.77, 9732.23, 82.3]
viper std tp,fp,tn,fn:     [9.13, 162.18, 162.18, 9.13]
viper detection rate (TP/(TP+FN)):      0.177
viper false alarm (FP/(FP+TN)):        0.0169461279461
viper mean ranking:        [0.16, 0.25, 0.33, 0.4, 0.45, 0.49, 0.53, 0.56, 0.6, 0.62, 0.65, 0.67, 0.69, 0.71, 0.72, 0.74, 0.76, 0.77, 0.78, 0.79, 0.8, 0.82, 0.83, 0.84, 0.85, 0.86, 0.86, 0.87, 0.88, 0.88, 0.89, 0.89, 0.9, 0.91, 0.91, 0.91, 0.92, 0.92, 0.93, 0.93, 0.93, 0.94, 0.94, 0.94, 0.94, 0.95, 0.95, 0.95, 0.96, 0.96, 0.96, 0.96, 0.97, 0.97, 0.97, 0.97, 0.97, 0.98, 0.98, 0.98, 0.98, 0.98, 0.98, 0.99, 0.99, 0.99, 0.99, 0.99, 0.99, 0.99, 0.99, 0.99, 0.99, 0.99, 0.99, 1.0, 1.0, 1.0, 1.0, 1.0, 1.0, 1.0, 1.0, 1.0, 1.0, 1.0, 1.0, 1.0, 1.0, 1.0, 1.0, 1.0, 1.0, 1.0, 1.0, 1.0, 1.0, 1.0, 1.0, 1.0]
viper std ranking:         [0.05, 0.06, 0.08, 0.09, 0.09, 0.09, 0.1, 0.1, 0.1, 0.1, 0.1, 0.1, 0.1, 0.1, 0.1, 0.09, 0.09, 0.09, 0.08, 0.08, 0.08, 0.08, 0.08, 0.07, 0.07, 0.07, 0.06, 0.06, 0.06, 0.06, 0.06, 0.06, 0.06, 0.06, 0.06, 0.06, 0.06, 0.05, 0.05, 0.05, 0.05, 0.05, 0.05, 0.04, 0.04, 0.04, 0.04, 0.04, 0.04, 0.04, 0.03, 0.03, 0.03, 0.03, 0.03, 0.03, 0.03, 0.02, 0.02, 0.02, 0.02, 0.02, 0.02, 0.02, 0.01, 0.01, 0.01, 0.01, 0.01, 0.01, 0.01, 0.01, 0.01, 0.01, 0.01, 0.01, 0.01, 0.01, 0.0, 0.0, 0.0, 0.0, 0.0, 0.0, 0.0, 0.0, 0.0, 0.0, 0.0, 0.0, 0.0, 0.0, 0.0, 0.0, 0.0, 0.0, 0.0, 0.0, 0.0, 0.0]
viper G mean tp,fp,tn,fn:    [17.7, 16.0, 884.0, 82.3]
viper G std tp,fp,tn,fn:     [9.13, 19.73, 19.73, 9.13]


name_of_experiment:         experiment 4_0_1: test=grid, train=[viper, prid450], no batchnorm, using selu + alphadropout=0.05
file_name:                  siamese_cnn_image.pyc
date:                       05/08/2017   14:48:36
duration:                   39619.494300
grid mean tp,fp,tn,fn:    [36.37, 315.67, 9584.33, 63.63]
grid std tp,fp,tn,fn:     [10.83, 215.25, 215.25, 10.83]
grid detection rate (TP/(TP+FN)):      0.363666666667
grid false alarm (FP/(FP+TN)):        0.0318855218855
grid mean ranking:        [0.21, 0.32, 0.4, 0.46, 0.52, 0.56, 0.6, 0.63, 0.67, 0.69, 0.72, 0.73, 0.75, 0.76, 0.78, 0.8, 0.81, 0.82, 0.83, 0.84, 0.85, 0.86, 0.87, 0.88, 0.89, 0.89, 0.9, 0.9, 0.91, 0.91, 0.92, 0.92, 0.93, 0.93, 0.93, 0.94, 0.94, 0.95, 0.95, 0.95, 0.96, 0.96, 0.96, 0.96, 0.97, 0.97, 0.97, 0.97, 0.97, 0.98, 0.98, 0.98, 0.98, 0.98, 0.98, 0.98, 0.98, 0.98, 0.99, 0.99, 0.99, 0.99, 0.99, 0.99, 0.99, 0.99, 0.99, 0.99, 0.99, 0.99, 0.99, 1.0, 1.0, 1.0, 1.0, 1.0, 1.0, 1.0, 1.0, 1.0, 1.0, 1.0, 1.0, 1.0, 1.0, 1.0, 1.0, 1.0, 1.0, 1.0, 1.0, 1.0, 1.0, 1.0, 1.0, 1.0, 1.0, 1.0, 1.0, 1.0]
grid std ranking:         [0.04, 0.05, 0.06, 0.06, 0.06, 0.06, 0.06, 0.06, 0.05, 0.05, 0.05, 0.05, 0.05, 0.05, 0.04, 0.04, 0.04, 0.04, 0.04, 0.04, 0.04, 0.03, 0.03, 0.03, 0.03, 0.03, 0.03, 0.03, 0.03, 0.03, 0.02, 0.02, 0.02, 0.02, 0.02, 0.02, 0.02, 0.02, 0.02, 0.02, 0.02, 0.02, 0.02, 0.01, 0.01, 0.02, 0.02, 0.02, 0.02, 0.02, 0.01, 0.01, 0.02, 0.01, 0.01, 0.01, 0.01, 0.01, 0.01, 0.01, 0.01, 0.01, 0.01, 0.01, 0.01, 0.01, 0.01, 0.01, 0.01, 0.01, 0.01, 0.01, 0.01, 0.01, 0.01, 0.0, 0.0, 0.0, 0.0, 0.0, 0.0, 0.0, 0.0, 0.0, 0.0, 0.0, 0.0, 0.0, 0.0, 0.0, 0.0, 0.0, 0.0, 0.0, 0.0, 0.0, 0.0, 0.0, 0.0, 0.0]
grid G mean tp,fp,tn,fn:    [36.37, 28.57, 871.43, 63.63]
grid G std tp,fp,tn,fn:     [10.83, 24.9, 24.9, 10.83]


name_of_experiment:         experiment 4_0_2: test=prid450, train=[viper, grid], no batchnorm, using selu + alphadropout=0.05
file_name:                  siamese_cnn_image.pyc
date:                       06/08/2017   01:41:39
duration:                   39158.331813
prid450 mean tp,fp,tn,fn:    [35.0, 362.67, 9537.33, 65.0]
prid450 std tp,fp,tn,fn:     [10.96, 323.24, 323.24, 10.96]
prid450 detection rate (TP/(TP+FN)):      0.35
prid450 false alarm (FP/(FP+TN)):        0.036632996633
prid450 mean ranking:        [0.24, 0.35, 0.42, 0.48, 0.52, 0.56, 0.59, 0.63, 0.66, 0.68, 0.7, 0.72, 0.74, 0.75, 0.77, 0.78, 0.79, 0.81, 0.82, 0.83, 0.84, 0.84, 0.85, 0.86, 0.87, 0.87, 0.88, 0.88, 0.89, 0.9, 0.9, 0.9, 0.91, 0.91, 0.92, 0.92, 0.92, 0.93, 0.93, 0.93, 0.94, 0.94, 0.94, 0.95, 0.95, 0.95, 0.96, 0.96, 0.96, 0.96, 0.97, 0.97, 0.97, 0.97, 0.98, 0.98, 0.98, 0.98, 0.98, 0.98, 0.99, 0.99, 0.99, 0.99, 0.99, 0.99, 0.99, 0.99, 0.99, 0.99, 0.99, 0.99, 0.99, 0.99, 1.0, 1.0, 1.0, 1.0, 1.0, 1.0, 1.0, 1.0, 1.0, 1.0, 1.0, 1.0, 1.0, 1.0, 1.0, 1.0, 1.0, 1.0, 1.0, 1.0, 1.0, 1.0, 1.0, 1.0, 1.0, 1.0]
prid450 std ranking:         [0.06, 0.06, 0.07, 0.07, 0.07, 0.07, 0.07, 0.07, 0.07, 0.06, 0.06, 0.06, 0.06, 0.06, 0.06, 0.06, 0.06, 0.06, 0.05, 0.05, 0.05, 0.05, 0.05, 0.05, 0.05, 0.05, 0.05, 0.04, 0.04, 0.04, 0.04, 0.04, 0.04, 0.04, 0.03, 0.03, 0.03, 0.03, 0.03, 0.03, 0.03, 0.03, 0.03, 0.03, 0.02, 0.02, 0.02, 0.02, 0.02, 0.02, 0.02, 0.02, 0.02, 0.02, 0.01, 0.01, 0.01, 0.01, 0.01, 0.01, 0.01, 0.01, 0.01, 0.01, 0.01, 0.01, 0.01, 0.01, 0.01, 0.01, 0.01, 0.01, 0.01, 0.01, 0.01, 0.01, 0.01, 0.01, 0.01, 0.01, 0.01, 0.01, 0.01, 0.0, 0.0, 0.0, 0.0, 0.0, 0.0, 0.0, 0.0, 0.0, 0.0, 0.0, 0.0, 0.0, 0.0, 0.0, 0.0, 0.0]
prid450 G mean tp,fp,tn,fn:    [35.0, 30.7, 869.3, 65.0]
prid450 G std tp,fp,tn,fn:     [10.96, 25.74, 25.74, 10.96]


name_of_experiment:         experiment 4_1_0: test=viper, train=[grid, prid450], with batchnorm
file_name:                  siamese_cnn_image.pyc
date:                       06/08/2017   15:38:19
duration:                   50173.658987
viper mean tp,fp,tn,fn:    [22.83, 271.53, 9628.47, 77.17]
viper std tp,fp,tn,fn:     [9.82, 141.61, 141.61, 9.82]
viper detection rate (TP/(TP+FN)):      0.228333333333
viper false alarm (FP/(FP+TN)):        0.0274276094276
viper mean ranking:        [0.15, 0.24, 0.31, 0.36, 0.41, 0.45, 0.49, 0.52, 0.55, 0.58, 0.6, 0.62, 0.64, 0.66, 0.68, 0.69, 0.71, 0.72, 0.73, 0.75, 0.76, 0.77, 0.78, 0.79, 0.8, 0.81, 0.82, 0.83, 0.83, 0.84, 0.85, 0.85, 0.86, 0.87, 0.87, 0.88, 0.88, 0.89, 0.89, 0.9, 0.9, 0.91, 0.91, 0.91, 0.92, 0.92, 0.92, 0.93, 0.93, 0.93, 0.94, 0.94, 0.94, 0.95, 0.95, 0.96, 0.96, 0.96, 0.96, 0.97, 0.97, 0.97, 0.97, 0.97, 0.97, 0.98, 0.98, 0.98, 0.98, 0.98, 0.98, 0.98, 0.99, 0.99, 0.99, 0.99, 0.99, 0.99, 0.99, 0.99, 0.99, 0.99, 0.99, 0.99, 0.99, 0.99, 0.99, 0.99, 1.0, 1.0, 1.0, 1.0, 1.0, 1.0, 1.0, 1.0, 1.0, 1.0, 1.0, 1.0]
viper std ranking:         [0.04, 0.06, 0.07, 0.08, 0.1, 0.11, 0.11, 0.12, 0.11, 0.11, 0.12, 0.12, 0.12, 0.12, 0.12, 0.11, 0.11, 0.11, 0.11, 0.11, 0.11, 0.11, 0.11, 0.11, 0.11, 0.11, 0.11, 0.11, 0.11, 0.11, 0.11, 0.1, 0.1, 0.1, 0.1, 0.1, 0.09, 0.09, 0.09, 0.09, 0.09, 0.09, 0.09, 0.09, 0.09, 0.08, 0.08, 0.08, 0.07, 0.07, 0.07, 0.06, 0.06, 0.05, 0.05, 0.05, 0.05, 0.05, 0.04, 0.04, 0.04, 0.04, 0.04, 0.04, 0.04, 0.03, 0.03, 0.03, 0.03, 0.03, 0.03, 0.03, 0.02, 0.02, 0.02, 0.02, 0.02, 0.02, 0.02, 0.01, 0.01, 0.01, 0.01, 0.01, 0.01, 0.01, 0.01, 0.01, 0.01, 0.01, 0.01, 0.0, 0.0, 0.0, 0.0, 0.0, 0.0, 0.0, 0.0, 0.0]
viper G mean tp,fp,tn,fn:    [22.83, 29.1, 870.9, 77.17]
viper G std tp,fp,tn,fn:     [9.82, 22.71, 22.71, 9.82]


name_of_experiment:         experiment 4_1_1: test=grid, train=[viper, prid450], with batchnorm
file_name:                  siamese_cnn_image.pyc
date:                       07/08/2017   05:21:43
duration:                   49329.387924
grid mean tp,fp,tn,fn:    [43.2, 390.1, 9509.9, 56.8]
grid std tp,fp,tn,fn:     [10.35, 177.11, 177.11, 10.35]
grid detection rate (TP/(TP+FN)):      0.432
grid false alarm (FP/(FP+TN)):        0.039404040404
grid mean ranking:        [0.23, 0.33, 0.41, 0.47, 0.52, 0.56, 0.59, 0.62, 0.65, 0.68, 0.71, 0.72, 0.74, 0.76, 0.78, 0.79, 0.8, 0.82, 0.83, 0.84, 0.85, 0.86, 0.87, 0.88, 0.88, 0.89, 0.9, 0.9, 0.9, 0.91, 0.91, 0.92, 0.92, 0.93, 0.93, 0.94, 0.94, 0.94, 0.95, 0.95, 0.95, 0.95, 0.96, 0.96, 0.96, 0.96, 0.97, 0.97, 0.97, 0.97, 0.98, 0.98, 0.98, 0.98, 0.98, 0.98, 0.98, 0.98, 0.99, 0.99, 0.99, 0.99, 0.99, 0.99, 0.99, 0.99, 0.99, 0.99, 0.99, 0.99, 1.0, 1.0, 1.0, 1.0, 1.0, 1.0, 1.0, 1.0, 1.0, 1.0, 1.0, 1.0, 1.0, 1.0, 1.0, 1.0, 1.0, 1.0, 1.0, 1.0, 1.0, 1.0, 1.0, 1.0, 1.0, 1.0, 1.0, 1.0, 1.0, 1.0]
grid std ranking:         [0.07, 0.08, 0.09, 0.09, 0.09, 0.08, 0.08, 0.08, 0.08, 0.08, 0.07, 0.07, 0.07, 0.06, 0.06, 0.06, 0.06, 0.06, 0.06, 0.05, 0.05, 0.05, 0.05, 0.04, 0.04, 0.04, 0.04, 0.04, 0.03, 0.03, 0.03, 0.03, 0.03, 0.03, 0.03, 0.03, 0.02, 0.02, 0.02, 0.02, 0.03, 0.02, 0.02, 0.02, 0.02, 0.02, 0.02, 0.02, 0.02, 0.02, 0.02, 0.02, 0.02, 0.02, 0.02, 0.01, 0.01, 0.01, 0.01, 0.01, 0.01, 0.01, 0.01, 0.01, 0.01, 0.01, 0.01, 0.01, 0.01, 0.01, 0.01, 0.01, 0.01, 0.01, 0.01, 0.0, 0.0, 0.0, 0.0, 0.0, 0.0, 0.0, 0.0, 0.0, 0.0, 0.0, 0.0, 0.0, 0.0, 0.0, 0.0, 0.0, 0.0, 0.0, 0.0, 0.0, 0.0, 0.0, 0.0, 0.0]
grid G mean tp,fp,tn,fn:    [43.2, 34.57, 865.43, 56.8]
grid G std tp,fp,tn,fn:     [10.35, 17.19, 17.19, 10.35]


name_of_experiment:         experiment 2_0_0: viper, cost_module_type=euclidean, lr=0.00001
file_name:                  siamese_cnn_image.pyc
date:                       07/08/2017   13:03:14
duration:                   3345.785581
viper mean tp,fp,tn,fn:    [0.0, 0.0, 9900.0, 100.0]
viper std tp,fp,tn,fn:     [0.0, 0.0, 0.0, 0.0]
viper detection rate (TP/(TP+FN)):      0.0
viper false alarm (FP/(FP+TN)):        0.0
viper mean ranking:        [0.04, 0.06, 0.08, 0.11, 0.13, 0.15, 0.17, 0.18, 0.2, 0.22, 0.23, 0.25, 0.26, 0.28, 0.29, 0.31, 0.32, 0.33, 0.35, 0.36, 0.37, 0.39, 0.4, 0.41, 0.43, 0.44, 0.45, 0.46, 0.48, 0.49, 0.51, 0.52, 0.53, 0.54, 0.55, 0.57, 0.58, 0.59, 0.6, 0.61, 0.63, 0.64, 0.65, 0.65, 0.67, 0.67, 0.69, 0.7, 0.71, 0.72, 0.73, 0.74, 0.75, 0.76, 0.77, 0.77, 0.78, 0.78, 0.8, 0.8, 0.81, 0.82, 0.82, 0.83, 0.84, 0.85, 0.86, 0.86, 0.87, 0.88, 0.88, 0.89, 0.9, 0.9, 0.91, 0.92, 0.92, 0.93, 0.93, 0.94, 0.94, 0.95, 0.95, 0.95, 0.96, 0.96, 0.97, 0.97, 0.98, 0.98, 0.98, 0.99, 0.99, 0.99, 0.99, 0.99, 1.0, 1.0, 1.0, 1.0]
viper std ranking:         [0.03, 0.03, 0.04, 0.04, 0.05, 0.05, 0.05, 0.05, 0.06, 0.06, 0.07, 0.07, 0.07, 0.07, 0.08, 0.08, 0.08, 0.08, 0.08, 0.09, 0.09, 0.09, 0.09, 0.1, 0.1, 0.1, 0.1, 0.1, 0.1, 0.1, 0.1, 0.1, 0.11, 0.11, 0.11, 0.11, 0.11, 0.11, 0.11, 0.11, 0.1, 0.1, 0.11, 0.1, 0.11, 0.11, 0.11, 0.11, 0.11, 0.1, 0.1, 0.1, 0.1, 0.1, 0.1, 0.1, 0.1, 0.1, 0.1, 0.1, 0.09, 0.09, 0.09, 0.09, 0.09, 0.08, 0.08, 0.08, 0.08, 0.08, 0.08, 0.07, 0.07, 0.07, 0.07, 0.06, 0.06, 0.06, 0.06, 0.05, 0.05, 0.05, 0.04, 0.04, 0.04, 0.04, 0.04, 0.03, 0.03, 0.02, 0.02, 0.02, 0.02, 0.01, 0.01, 0.01, 0.01, 0.0, 0.0, 0.0]
viper G mean tp,fp,tn,fn:    [0.0, 0.0, 900.0, 100.0]
viper G std tp,fp,tn,fn:     [0.0, 0.0, 0.0, 0.0]


name_of_experiment:         experiment 2_0_1: grid, cost_module_type=euclidean, lr=0.00001
file_name:                  siamese_cnn_image.pyc
date:                       07/08/2017   13:21:34
duration:                   1095.821897
grid mean tp,fp,tn,fn:    [0.0, 0.0, 9900.0, 100.0]
grid std tp,fp,tn,fn:     [0.0, 0.0, 0.0, 0.0]
grid detection rate (TP/(TP+FN)):      0.0
grid false alarm (FP/(FP+TN)):        0.0
grid mean ranking:        [0.11, 0.2, 0.27, 0.32, 0.37, 0.41, 0.44, 0.47, 0.49, 0.52, 0.54, 0.57, 0.59, 0.61, 0.63, 0.64, 0.66, 0.67, 0.68, 0.69, 0.7, 0.71, 0.72, 0.73, 0.73, 0.74, 0.75, 0.77, 0.77, 0.78, 0.79, 0.8, 0.81, 0.81, 0.82, 0.83, 0.83, 0.84, 0.85, 0.85, 0.86, 0.87, 0.87, 0.88, 0.89, 0.89, 0.89, 0.9, 0.9, 0.91, 0.91, 0.92, 0.93, 0.93, 0.93, 0.94, 0.94, 0.94, 0.94, 0.95, 0.95, 0.95, 0.95, 0.95, 0.95, 0.96, 0.96, 0.96, 0.96, 0.96, 0.97, 0.97, 0.97, 0.97, 0.97, 0.98, 0.98, 0.98, 0.98, 0.98, 0.98, 0.99, 0.99, 0.99, 0.99, 0.99, 0.99, 0.99, 0.99, 0.99, 1.0, 1.0, 1.0, 1.0, 1.0, 1.0, 1.0, 1.0, 1.0, 1.0]
grid std ranking:         [0.04, 0.06, 0.06, 0.06, 0.07, 0.08, 0.08, 0.08, 0.08, 0.08, 0.08, 0.07, 0.07, 0.06, 0.07, 0.06, 0.06, 0.06, 0.06, 0.06, 0.06, 0.06, 0.06, 0.06, 0.06, 0.06, 0.05, 0.05, 0.05, 0.04, 0.04, 0.04, 0.04, 0.03, 0.03, 0.03, 0.04, 0.04, 0.03, 0.03, 0.03, 0.03, 0.03, 0.03, 0.03, 0.03, 0.03, 0.03, 0.02, 0.02, 0.02, 0.02, 0.03, 0.03, 0.03, 0.03, 0.02, 0.02, 0.02, 0.02, 0.02, 0.02, 0.02, 0.02, 0.02, 0.02, 0.02, 0.02, 0.02, 0.02, 0.02, 0.02, 0.02, 0.01, 0.01, 0.01, 0.01, 0.01, 0.01, 0.01, 0.01, 0.01, 0.01, 0.01, 0.01, 0.01, 0.01, 0.01, 0.01, 0.01, 0.01, 0.0, 0.0, 0.0, 0.0, 0.0, 0.0, 0.0, 0.0, 0.0]
grid G mean tp,fp,tn,fn:    [0.0, 0.0, 900.0, 100.0]
grid G std tp,fp,tn,fn:     [0.0, 0.0, 0.0, 0.0]


name_of_experiment:         experiment 2_0_2: prid450, cost_module_type=euclidean, lr=0.00001
file_name:                  siamese_cnn_image.pyc
date:                       07/08/2017   13:58:35
duration:                   2217.913744
prid450 mean tp,fp,tn,fn:    [0.0, 0.0, 9900.0, 100.0]
prid450 std tp,fp,tn,fn:     [0.0, 0.0, 0.0, 0.0]
prid450 detection rate (TP/(TP+FN)):      0.0
prid450 false alarm (FP/(FP+TN)):        0.0
prid450 mean ranking:        [0.1, 0.16, 0.2, 0.24, 0.27, 0.3, 0.32, 0.35, 0.37, 0.39, 0.41, 0.43, 0.45, 0.47, 0.49, 0.5, 0.52, 0.53, 0.55, 0.56, 0.58, 0.6, 0.61, 0.62, 0.64, 0.65, 0.66, 0.67, 0.69, 0.7, 0.71, 0.73, 0.74, 0.75, 0.76, 0.77, 0.78, 0.79, 0.8, 0.81, 0.81, 0.82, 0.83, 0.84, 0.85, 0.85, 0.86, 0.87, 0.87, 0.88, 0.88, 0.89, 0.89, 0.9, 0.9, 0.91, 0.92, 0.92, 0.93, 0.93, 0.93, 0.94, 0.94, 0.94, 0.95, 0.95, 0.95, 0.96, 0.96, 0.96, 0.96, 0.97, 0.97, 0.97, 0.97, 0.98, 0.98, 0.98, 0.98, 0.98, 0.98, 0.99, 0.99, 0.99, 0.99, 0.99, 0.99, 0.99, 0.99, 0.99, 0.99, 0.99, 1.0, 1.0, 1.0, 1.0, 1.0, 1.0, 1.0, 1.0]
prid450 std ranking:         [0.05, 0.06, 0.06, 0.07, 0.07, 0.08, 0.09, 0.09, 0.09, 0.09, 0.09, 0.09, 0.1, 0.09, 0.09, 0.09, 0.09, 0.09, 0.09, 0.08, 0.08, 0.08, 0.08, 0.08, 0.07, 0.07, 0.07, 0.07, 0.07, 0.07, 0.06, 0.06, 0.06, 0.06, 0.06, 0.06, 0.06, 0.05, 0.05, 0.05, 0.05, 0.05, 0.05, 0.05, 0.04, 0.04, 0.04, 0.04, 0.04, 0.04, 0.04, 0.04, 0.03, 0.03, 0.03, 0.03, 0.03, 0.03, 0.03, 0.03, 0.03, 0.03, 0.03, 0.03, 0.03, 0.03, 0.03, 0.03, 0.03, 0.02, 0.02, 0.02, 0.02, 0.02, 0.02, 0.02, 0.02, 0.02, 0.02, 0.02, 0.02, 0.01, 0.01, 0.01, 0.01, 0.01, 0.01, 0.01, 0.01, 0.01, 0.01, 0.01, 0.01, 0.01, 0.01, 0.0, 0.0, 0.0, 0.0, 0.0]
prid450 G mean tp,fp,tn,fn:    [0.0, 0.0, 900.0, 100.0]
prid450 G std tp,fp,tn,fn:     [0.0, 0.0, 0.0, 0.0]


name_of_experiment:         experiment 2_1_0: viper, cost_module_type=cosine, lr=0.00001
file_name:                  siamese_cnn_image.pyc
date:                       07/08/2017   14:52:42
duration:                   3243.455787
viper mean tp,fp,tn,fn:    [94.4, 7201.1, 2698.9, 5.6]
viper std tp,fp,tn,fn:     [9.53, 1456.02, 1456.02, 9.53]
viper detection rate (TP/(TP+FN)):      0.944
viper false alarm (FP/(FP+TN)):        0.727383838384
viper mean ranking:        [0.09, 0.14, 0.17, 0.21, 0.24, 0.27, 0.29, 0.32, 0.34, 0.36, 0.39, 0.41, 0.43, 0.44, 0.47, 0.48, 0.5, 0.51, 0.52, 0.54, 0.55, 0.57, 0.58, 0.59, 0.6, 0.62, 0.63, 0.64, 0.65, 0.66, 0.67, 0.68, 0.7, 0.7, 0.71, 0.72, 0.73, 0.74, 0.75, 0.76, 0.77, 0.77, 0.78, 0.79, 0.8, 0.8, 0.81, 0.82, 0.82, 0.83, 0.84, 0.84, 0.85, 0.86, 0.86, 0.87, 0.88, 0.88, 0.89, 0.89, 0.9, 0.9, 0.91, 0.91, 0.92, 0.92, 0.93, 0.93, 0.93, 0.94, 0.94, 0.94, 0.95, 0.95, 0.95, 0.96, 0.96, 0.96, 0.97, 0.97, 0.97, 0.97, 0.97, 0.98, 0.98, 0.98, 0.98, 0.99, 0.99, 0.99, 0.99, 0.99, 0.99, 0.99, 1.0, 1.0, 1.0, 1.0, 1.0, 1.0]
viper std ranking:         [0.04, 0.05, 0.06, 0.07, 0.08, 0.08, 0.08, 0.09, 0.1, 0.1, 0.11, 0.11, 0.12, 0.13, 0.14, 0.15, 0.15, 0.16, 0.17, 0.17, 0.17, 0.17, 0.17, 0.17, 0.18, 0.18, 0.18, 0.18, 0.18, 0.18, 0.18, 0.18, 0.18, 0.18, 0.17, 0.17, 0.17, 0.17, 0.17, 0.17, 0.17, 0.16, 0.16, 0.15, 0.15, 0.15, 0.15, 0.14, 0.14, 0.14, 0.14, 0.14, 0.13, 0.13, 0.13, 0.12, 0.12, 0.11, 0.11, 0.1, 0.1, 0.1, 0.09, 0.09, 0.09, 0.09, 0.08, 0.08, 0.08, 0.07, 0.07, 0.07, 0.07, 0.07, 0.06, 0.05, 0.05, 0.04, 0.04, 0.04, 0.03, 0.03, 0.03, 0.03, 0.03, 0.03, 0.02, 0.02, 0.02, 0.02, 0.01, 0.01, 0.01, 0.01, 0.01, 0.01, 0.01, 0.01, 0.0, 0.0]
viper G mean tp,fp,tn,fn:    [94.4, 650.4, 249.6, 5.6]
viper G std tp,fp,tn,fn:     [9.53, 122.31, 122.31, 9.53]


name_of_experiment:         experiment 2_1_1: grid, cost_module_type=cosine, lr=0.00001
file_name:                  siamese_cnn_image.pyc
date:                       07/08/2017   15:10:51
duration:                   1084.812816
grid mean tp,fp,tn,fn:    [93.75, 5100.6, 4799.4, 6.25]
grid std tp,fp,tn,fn:     [1.44, 157.18, 157.18, 1.44]
grid detection rate (TP/(TP+FN)):      0.9375
grid false alarm (FP/(FP+TN)):        0.515212121212
grid mean ranking:        [0.13, 0.22, 0.28, 0.33, 0.37, 0.4, 0.44, 0.47, 0.49, 0.51, 0.54, 0.56, 0.58, 0.6, 0.62, 0.64, 0.65, 0.66, 0.68, 0.69, 0.7, 0.71, 0.73, 0.74, 0.75, 0.76, 0.77, 0.78, 0.79, 0.8, 0.8, 0.81, 0.82, 0.83, 0.83, 0.84, 0.85, 0.85, 0.86, 0.86, 0.87, 0.88, 0.88, 0.89, 0.89, 0.9, 0.9, 0.91, 0.91, 0.92, 0.92, 0.92, 0.93, 0.93, 0.94, 0.94, 0.94, 0.95, 0.95, 0.95, 0.96, 0.96, 0.96, 0.96, 0.97, 0.97, 0.97, 0.98, 0.98, 0.98, 0.98, 0.98, 0.99, 0.99, 0.99, 0.99, 0.99, 0.99, 0.99, 0.99, 0.99, 1.0, 1.0, 1.0, 1.0, 1.0, 1.0, 1.0, 1.0, 1.0, 1.0, 1.0, 1.0, 1.0, 1.0, 1.0, 1.0, 1.0, 1.0, 1.0]
grid std ranking:         [0.04, 0.05, 0.06, 0.06, 0.06, 0.06, 0.06, 0.07, 0.07, 0.07, 0.07, 0.07, 0.07, 0.06, 0.06, 0.07, 0.07, 0.07, 0.07, 0.06, 0.06, 0.06, 0.06, 0.06, 0.06, 0.05, 0.05, 0.05, 0.05, 0.05, 0.05, 0.05, 0.05, 0.05, 0.04, 0.04, 0.04, 0.04, 0.04, 0.04, 0.04, 0.03, 0.03, 0.03, 0.03, 0.03, 0.03, 0.03, 0.02, 0.02, 0.02, 0.02, 0.02, 0.02, 0.02, 0.02, 0.02, 0.02, 0.02, 0.02, 0.02, 0.02, 0.02, 0.01, 0.01, 0.01, 0.01, 0.01, 0.01, 0.01, 0.01, 0.01, 0.01, 0.01, 0.01, 0.01, 0.01, 0.01, 0.01, 0.01, 0.01, 0.01, 0.01, 0.01, 0.01, 0.01, 0.01, 0.01, 0.01, 0.0, 0.0, 0.0, 0.0, 0.0, 0.0, 0.0, 0.0, 0.0, 0.0, 0.0]
grid G mean tp,fp,tn,fn:    [93.75, 461.15, 438.85, 6.25]
grid G std tp,fp,tn,fn:     [1.44, 31.31, 31.31, 1.44]


name_of_experiment:         experiment 2_1_2: prid450, cost_module_type=cosine, lr=0.00001
file_name:                  siamese_cnn_image.pyc
date:                       07/08/2017   15:47:37
duration:                   2202.659460
prid450 mean tp,fp,tn,fn:    [95.35, 6404.45, 3495.55, 4.65]
prid450 std tp,fp,tn,fn:     [3.55, 687.57, 687.57, 3.55]
prid450 detection rate (TP/(TP+FN)):      0.9535
prid450 false alarm (FP/(FP+TN)):        0.646914141414
prid450 mean ranking:        [0.12, 0.18, 0.23, 0.27, 0.31, 0.33, 0.36, 0.38, 0.41, 0.43, 0.45, 0.47, 0.49, 0.51, 0.53, 0.55, 0.56, 0.58, 0.59, 0.61, 0.62, 0.63, 0.64, 0.66, 0.67, 0.68, 0.7, 0.71, 0.72, 0.73, 0.74, 0.75, 0.76, 0.77, 0.77, 0.78, 0.79, 0.8, 0.81, 0.82, 0.82, 0.83, 0.83, 0.84, 0.85, 0.86, 0.86, 0.87, 0.88, 0.88, 0.89, 0.89, 0.9, 0.9, 0.91, 0.91, 0.91, 0.92, 0.93, 0.93, 0.93, 0.94, 0.94, 0.94, 0.95, 0.95, 0.95, 0.96, 0.96, 0.97, 0.97, 0.97, 0.97, 0.97, 0.98, 0.98, 0.98, 0.98, 0.98, 0.98, 0.98, 0.99, 0.99, 0.99, 0.99, 0.99, 0.99, 0.99, 0.99, 0.99, 0.99, 0.99, 1.0, 1.0, 1.0, 1.0, 1.0, 1.0, 1.0, 1.0]
prid450 std ranking:         [0.06, 0.07, 0.08, 0.08, 0.09, 0.09, 0.1, 0.11, 0.1, 0.11, 0.11, 0.11, 0.11, 0.11, 0.11, 0.11, 0.11, 0.11, 0.11, 0.11, 0.11, 0.11, 0.11, 0.11, 0.11, 0.11, 0.11, 0.11, 0.11, 0.11, 0.11, 0.11, 0.11, 0.11, 0.1, 0.1, 0.1, 0.1, 0.1, 0.1, 0.09, 0.09, 0.09, 0.08, 0.08, 0.08, 0.08, 0.08, 0.08, 0.07, 0.07, 0.07, 0.07, 0.07, 0.06, 0.06, 0.06, 0.06, 0.05, 0.05, 0.05, 0.05, 0.05, 0.04, 0.04, 0.04, 0.04, 0.04, 0.03, 0.03, 0.03, 0.02, 0.03, 0.02, 0.02, 0.02, 0.02, 0.02, 0.02, 0.02, 0.02, 0.01, 0.01, 0.01, 0.01, 0.01, 0.01, 0.01, 0.01, 0.01, 0.01, 0.01, 0.01, 0.01, 0.01, 0.0, 0.0, 0.0, 0.0, 0.0]
prid450 G mean tp,fp,tn,fn:    [95.35, 599.85, 300.15, 4.65]
prid450 G std tp,fp,tn,fn:     [3.55, 79.03, 79.03, 3.55]

