
name_of_experiment:         experiment 1_0_2: prid450, neural_distance=absolute
file_name:                  siamese_cnn_image.pyc
date:                       07/08/2017   12:47:05
duration:                   2381.314670
prid450 mean tp,fp,tn,fn:    [16.4, 218.9, 9681.1, 83.6]
prid450 std tp,fp,tn,fn:     [7.23, 144.56, 144.56, 7.23]
prid450 detection rate (TP/(TP+FN)):      0.164
prid450 false alarm (FP/(FP+TN)):        0.0221111111111
prid450 mean ranking:        [0.14, 0.23, 0.29, 0.35, 0.4, 0.43, 0.46, 0.49, 0.51, 0.53, 0.55, 0.57, 0.59, 0.61, 0.62, 0.64, 0.65, 0.67, 0.68, 0.69, 0.7, 0.72, 0.73, 0.74, 0.75, 0.76, 0.77, 0.78, 0.79, 0.8, 0.81, 0.82, 0.82, 0.83, 0.84, 0.85, 0.85, 0.86, 0.87, 0.88, 0.89, 0.89, 0.9, 0.9, 0.9, 0.91, 0.91, 0.92, 0.92, 0.93, 0.93, 0.94, 0.94, 0.94, 0.95, 0.95, 0.95, 0.95, 0.96, 0.96, 0.96, 0.97, 0.97, 0.97, 0.97, 0.97, 0.97, 0.98, 0.98, 0.98, 0.98, 0.98, 0.98, 0.98, 0.98, 0.98, 0.98, 0.99, 0.99, 0.99, 0.99, 0.99, 0.99, 0.99, 0.99, 0.99, 1.0, 1.0, 1.0, 1.0, 1.0, 1.0, 1.0, 1.0, 1.0, 1.0, 1.0, 1.0, 1.0, 1.0]
prid450 std ranking:         [0.04, 0.06, 0.07, 0.07, 0.07, 0.07, 0.08, 0.08, 0.08, 0.08, 0.08, 0.08, 0.08, 0.08, 0.08, 0.07, 0.07, 0.07, 0.06, 0.06, 0.06, 0.06, 0.06, 0.05, 0.05, 0.05, 0.05, 0.05, 0.05, 0.05, 0.04, 0.04, 0.04, 0.04, 0.04, 0.04, 0.05, 0.05, 0.05, 0.04, 0.04, 0.04, 0.04, 0.04, 0.04, 0.04, 0.04, 0.03, 0.03, 0.03, 0.03, 0.03, 0.02, 0.02, 0.02, 0.02, 0.02, 0.02, 0.02, 0.02, 0.02, 0.01, 0.02, 0.01, 0.01, 0.01, 0.01, 0.01, 0.01, 0.01, 0.01, 0.01, 0.01, 0.01, 0.01, 0.01, 0.01, 0.01, 0.01, 0.01, 0.01, 0.01, 0.01, 0.01, 0.01, 0.01, 0.01, 0.01, 0.01, 0.0, 0.0, 0.0, 0.0, 0.0, 0.0, 0.0, 0.0, 0.0, 0.0, 0.0]
prid450 G mean tp,fp,tn,fn:    [16.4, 20.35, 879.65, 83.6]
prid450 G std tp,fp,tn,fn:     [7.23, 18.62, 18.62, 7.23]


name_of_experiment:         experiment 1_1_2: prid450, neural_distance=subtract
file_name:                  siamese_cnn_image.pyc
date:                       07/08/2017   13:26:52
duration:                   2383.841759
prid450 mean tp,fp,tn,fn:    [44.95, 1017.15, 8882.85, 55.05]
prid450 std tp,fp,tn,fn:     [9.27, 213.61, 213.61, 9.27]
prid450 detection rate (TP/(TP+FN)):      0.4495
prid450 false alarm (FP/(FP+TN)):        0.102742424242
prid450 mean ranking:        [0.12, 0.19, 0.25, 0.29, 0.34, 0.38, 0.41, 0.44, 0.47, 0.49, 0.52, 0.54, 0.56, 0.58, 0.6, 0.61, 0.63, 0.64, 0.66, 0.67, 0.69, 0.7, 0.71, 0.72, 0.73, 0.74, 0.75, 0.76, 0.77, 0.78, 0.79, 0.8, 0.81, 0.82, 0.83, 0.84, 0.85, 0.86, 0.86, 0.87, 0.88, 0.89, 0.89, 0.9, 0.9, 0.91, 0.91, 0.92, 0.92, 0.93, 0.93, 0.94, 0.94, 0.95, 0.95, 0.95, 0.95, 0.96, 0.96, 0.96, 0.97, 0.97, 0.97, 0.98, 0.98, 0.98, 0.98, 0.98, 0.98, 0.99, 0.99, 0.99, 0.99, 0.99, 0.99, 0.99, 0.99, 0.99, 0.99, 0.99, 1.0, 1.0, 1.0, 1.0, 1.0, 1.0, 1.0, 1.0, 1.0, 1.0, 1.0, 1.0, 1.0, 1.0, 1.0, 1.0, 1.0, 1.0, 1.0, 1.0]
prid450 std ranking:         [0.04, 0.04, 0.04, 0.04, 0.05, 0.05, 0.06, 0.07, 0.07, 0.06, 0.06, 0.06, 0.06, 0.07, 0.06, 0.06, 0.06, 0.06, 0.06, 0.05, 0.05, 0.05, 0.05, 0.05, 0.04, 0.04, 0.04, 0.04, 0.04, 0.04, 0.03, 0.03, 0.03, 0.03, 0.03, 0.04, 0.04, 0.03, 0.03, 0.03, 0.03, 0.03, 0.03, 0.03, 0.03, 0.03, 0.03, 0.03, 0.03, 0.02, 0.02, 0.02, 0.02, 0.02, 0.02, 0.02, 0.02, 0.02, 0.02, 0.02, 0.02, 0.02, 0.01, 0.02, 0.01, 0.01, 0.01, 0.01, 0.01, 0.01, 0.01, 0.01, 0.01, 0.01, 0.01, 0.01, 0.01, 0.01, 0.01, 0.01, 0.01, 0.01, 0.01, 0.01, 0.01, 0.01, 0.01, 0.01, 0.0, 0.0, 0.0, 0.0, 0.0, 0.0, 0.0, 0.0, 0.0, 0.0, 0.0, 0.0]
prid450 G mean tp,fp,tn,fn:    [44.95, 97.1, 802.9, 55.05]
prid450 G std tp,fp,tn,fn:     [9.27, 33.05, 33.05, 9.27]


name_of_experiment:         experiment 1_2_2: prid450, neural_distance=concatenate
file_name:                  siamese_cnn_image.pyc
date:                       07/08/2017   14:06:54
duration:                   2398.000660
prid450 mean tp,fp,tn,fn:    [60.75, 1940.6, 7959.4, 39.25]
prid450 std tp,fp,tn,fn:     [11.53, 467.43, 467.43, 11.53]
prid450 detection rate (TP/(TP+FN)):      0.6075
prid450 false alarm (FP/(FP+TN)):        0.19602020202
prid450 mean ranking:        [0.08, 0.14, 0.19, 0.23, 0.29, 0.32, 0.34, 0.37, 0.4, 0.43, 0.45, 0.47, 0.5, 0.52, 0.54, 0.56, 0.58, 0.6, 0.61, 0.63, 0.64, 0.65, 0.67, 0.68, 0.69, 0.7, 0.71, 0.73, 0.75, 0.76, 0.78, 0.79, 0.8, 0.81, 0.82, 0.83, 0.84, 0.85, 0.85, 0.86, 0.87, 0.87, 0.88, 0.89, 0.89, 0.9, 0.9, 0.9, 0.91, 0.92, 0.92, 0.93, 0.93, 0.94, 0.94, 0.95, 0.95, 0.95, 0.95, 0.96, 0.96, 0.96, 0.96, 0.97, 0.97, 0.97, 0.97, 0.98, 0.98, 0.98, 0.98, 0.98, 0.99, 0.99, 0.99, 0.99, 0.99, 0.99, 1.0, 1.0, 1.0, 1.0, 1.0, 1.0, 1.0, 1.0, 1.0, 1.0, 1.0, 1.0, 1.0, 1.0, 1.0, 1.0, 1.0, 1.0, 1.0, 1.0, 1.0, 1.0]
prid450 std ranking:         [0.03, 0.05, 0.05, 0.06, 0.07, 0.08, 0.08, 0.07, 0.07, 0.08, 0.09, 0.08, 0.08, 0.08, 0.08, 0.08, 0.08, 0.08, 0.08, 0.08, 0.08, 0.08, 0.07, 0.07, 0.07, 0.07, 0.07, 0.07, 0.06, 0.06, 0.06, 0.07, 0.06, 0.06, 0.06, 0.06, 0.06, 0.05, 0.05, 0.05, 0.05, 0.05, 0.05, 0.05, 0.05, 0.04, 0.04, 0.04, 0.04, 0.04, 0.04, 0.04, 0.03, 0.03, 0.03, 0.03, 0.03, 0.03, 0.03, 0.03, 0.02, 0.02, 0.02, 0.02, 0.02, 0.02, 0.02, 0.02, 0.02, 0.02, 0.02, 0.01, 0.01, 0.01, 0.01, 0.01, 0.01, 0.01, 0.0, 0.0, 0.0, 0.0, 0.0, 0.0, 0.0, 0.0, 0.0, 0.0, 0.0, 0.0, 0.0, 0.0, 0.0, 0.0, 0.0, 0.0, 0.0, 0.0, 0.0, 0.0]
prid450 G mean tp,fp,tn,fn:    [60.75, 168.75, 731.25, 39.25]
prid450 G std tp,fp,tn,fn:     [11.53, 40.43, 40.43, 11.53]


name_of_experiment:         experiment 1_3_2: prid450, neural_distance=divide
file_name:                  siamese_cnn_image.pyc
date:                       07/08/2017   14:44:11
duration:                   2233.482180
prid450 mean tp,fp,tn,fn:    [7.2, 816.45, 9083.55, 92.8]
prid450 std tp,fp,tn,fn:     [17.42, 1972.53, 1972.53, 17.42]
prid450 detection rate (TP/(TP+FN)):      0.072
prid450 false alarm (FP/(FP+TN)):        0.0824696969697
prid450 mean ranking:        [0.01, 0.02, 0.03, 0.04, 0.05, 0.06, 0.07, 0.08, 0.09, 0.1, 0.11, 0.12, 0.13, 0.14, 0.15, 0.16, 0.17, 0.18, 0.19, 0.2, 0.21, 0.22, 0.23, 0.24, 0.25, 0.26, 0.27, 0.28, 0.29, 0.29, 0.3, 0.31, 0.32, 0.34, 0.35, 0.36, 0.37, 0.38, 0.39, 0.4, 0.41, 0.41, 0.42, 0.43, 0.44, 0.45, 0.46, 0.47, 0.48, 0.49, 0.5, 0.51, 0.52, 0.53, 0.54, 0.55, 0.56, 0.57, 0.58, 0.59, 0.6, 0.61, 0.63, 0.64, 0.65, 0.66, 0.67, 0.68, 0.69, 0.7, 0.71, 0.72, 0.73, 0.74, 0.75, 0.76, 0.77, 0.78, 0.79, 0.8, 0.81, 0.82, 0.83, 0.84, 0.85, 0.86, 0.87, 0.88, 0.89, 0.9, 0.91, 0.92, 0.93, 0.94, 0.95, 0.96, 0.97, 0.98, 0.99, 1.0]
prid450 std ranking:         [0.0, 0.0, 0.0, 0.01, 0.01, 0.0, 0.0, 0.01, 0.01, 0.01, 0.01, 0.01, 0.01, 0.01, 0.01, 0.01, 0.01, 0.01, 0.01, 0.01, 0.01, 0.01, 0.01, 0.01, 0.01, 0.01, 0.01, 0.01, 0.02, 0.02, 0.02, 0.02, 0.02, 0.02, 0.01, 0.01, 0.01, 0.01, 0.01, 0.02, 0.02, 0.02, 0.02, 0.02, 0.02, 0.02, 0.02, 0.02, 0.02, 0.02, 0.02, 0.02, 0.03, 0.03, 0.03, 0.03, 0.02, 0.03, 0.03, 0.02, 0.02, 0.01, 0.01, 0.01, 0.01, 0.01, 0.01, 0.01, 0.01, 0.01, 0.01, 0.01, 0.0, 0.01, 0.0, 0.01, 0.01, 0.01, 0.01, 0.01, 0.01, 0.01, 0.01, 0.01, 0.01, 0.01, 0.01, 0.01, 0.01, 0.01, 0.01, 0.01, 0.0, 0.01, 0.0, 0.0, 0.0, 0.0, 0.0, 0.0]
prid450 G mean tp,fp,tn,fn:    [7.2, 72.1, 827.9, 92.8]
prid450 G std tp,fp,tn,fn:     [17.42, 174.16, 174.16, 17.42]


name_of_experiment:         experiment 1_4_2: prid450, neural_distance=add
file_name:                  siamese_cnn_image.pyc
date:                       07/08/2017   15:21:17
duration:                   2222.064324
prid450 mean tp,fp,tn,fn:    [79.25, 3531.9, 6368.1, 20.75]
prid450 std tp,fp,tn,fn:     [10.96, 675.54, 675.54, 10.96]
prid450 detection rate (TP/(TP+FN)):      0.7925
prid450 false alarm (FP/(FP+TN)):        0.356757575758
prid450 mean ranking:        [0.07, 0.11, 0.15, 0.19, 0.22, 0.26, 0.29, 0.32, 0.35, 0.38, 0.41, 0.43, 0.45, 0.47, 0.49, 0.51, 0.53, 0.54, 0.57, 0.59, 0.61, 0.62, 0.63, 0.65, 0.66, 0.68, 0.69, 0.71, 0.72, 0.74, 0.75, 0.76, 0.77, 0.78, 0.79, 0.81, 0.82, 0.83, 0.84, 0.85, 0.86, 0.87, 0.87, 0.88, 0.89, 0.89, 0.9, 0.9, 0.91, 0.91, 0.92, 0.93, 0.93, 0.93, 0.94, 0.94, 0.95, 0.95, 0.95, 0.95, 0.96, 0.96, 0.96, 0.96, 0.96, 0.97, 0.97, 0.97, 0.97, 0.97, 0.97, 0.97, 0.98, 0.98, 0.98, 0.98, 0.98, 0.98, 0.98, 0.98, 0.98, 0.98, 0.99, 0.99, 0.99, 0.99, 0.99, 0.99, 0.99, 0.99, 1.0, 1.0, 1.0, 1.0, 1.0, 1.0, 1.0, 1.0, 1.0, 1.0]
prid450 std ranking:         [0.02, 0.03, 0.04, 0.04, 0.05, 0.05, 0.05, 0.06, 0.06, 0.06, 0.07, 0.07, 0.08, 0.08, 0.07, 0.08, 0.08, 0.08, 0.08, 0.08, 0.08, 0.08, 0.07, 0.08, 0.07, 0.08, 0.08, 0.08, 0.08, 0.08, 0.07, 0.07, 0.07, 0.07, 0.07, 0.06, 0.07, 0.06, 0.06, 0.06, 0.06, 0.06, 0.06, 0.06, 0.06, 0.06, 0.06, 0.05, 0.05, 0.05, 0.05, 0.05, 0.05, 0.05, 0.05, 0.04, 0.04, 0.04, 0.04, 0.04, 0.04, 0.04, 0.04, 0.04, 0.03, 0.03, 0.03, 0.03, 0.02, 0.02, 0.02, 0.02, 0.02, 0.02, 0.02, 0.02, 0.02, 0.02, 0.02, 0.02, 0.02, 0.02, 0.02, 0.01, 0.01, 0.01, 0.01, 0.01, 0.01, 0.01, 0.01, 0.01, 0.01, 0.01, 0.0, 0.0, 0.0, 0.0, 0.0, 0.0]
prid450 G mean tp,fp,tn,fn:    [79.25, 316.15, 583.85, 20.75]
prid450 G std tp,fp,tn,fn:     [10.96, 63.64, 63.64, 10.96]


name_of_experiment:         experiment 1_5_2: prid450, neural_distance=multiply
file_name:                  siamese_cnn_image.pyc
date:                       07/08/2017   15:59:23
duration:                   2282.576283
prid450 mean tp,fp,tn,fn:    [28.45, 548.95, 9351.05, 71.55]
prid450 std tp,fp,tn,fn:     [7.05, 267.18, 267.18, 7.05]
prid450 detection rate (TP/(TP+FN)):      0.2845
prid450 false alarm (FP/(FP+TN)):        0.0554494949495
prid450 mean ranking:        [0.12, 0.19, 0.24, 0.27, 0.3, 0.33, 0.36, 0.39, 0.42, 0.44, 0.46, 0.49, 0.5, 0.52, 0.53, 0.55, 0.56, 0.57, 0.58, 0.59, 0.61, 0.62, 0.63, 0.64, 0.65, 0.66, 0.67, 0.68, 0.69, 0.7, 0.71, 0.72, 0.73, 0.73, 0.74, 0.75, 0.76, 0.76, 0.77, 0.78, 0.79, 0.8, 0.81, 0.81, 0.82, 0.82, 0.83, 0.84, 0.85, 0.86, 0.86, 0.87, 0.88, 0.88, 0.89, 0.89, 0.89, 0.9, 0.9, 0.91, 0.91, 0.91, 0.91, 0.92, 0.92, 0.93, 0.93, 0.93, 0.94, 0.94, 0.94, 0.95, 0.95, 0.95, 0.95, 0.96, 0.96, 0.96, 0.97, 0.97, 0.97, 0.98, 0.98, 0.98, 0.98, 0.98, 0.98, 0.98, 0.99, 0.99, 0.99, 0.99, 1.0, 1.0, 1.0, 1.0, 1.0, 1.0, 1.0, 1.0]
prid450 std ranking:         [0.05, 0.06, 0.05, 0.05, 0.05, 0.05, 0.06, 0.06, 0.06, 0.06, 0.06, 0.07, 0.06, 0.06, 0.06, 0.06, 0.06, 0.06, 0.06, 0.06, 0.06, 0.05, 0.05, 0.05, 0.05, 0.05, 0.05, 0.05, 0.06, 0.06, 0.06, 0.05, 0.05, 0.05, 0.05, 0.05, 0.05, 0.05, 0.05, 0.04, 0.04, 0.04, 0.04, 0.04, 0.04, 0.04, 0.03, 0.04, 0.03, 0.03, 0.03, 0.03, 0.02, 0.02, 0.02, 0.02, 0.02, 0.02, 0.02, 0.02, 0.02, 0.02, 0.02, 0.02, 0.02, 0.02, 0.02, 0.02, 0.02, 0.02, 0.02, 0.02, 0.01, 0.02, 0.01, 0.02, 0.02, 0.02, 0.02, 0.02, 0.02, 0.02, 0.02, 0.01, 0.01, 0.01, 0.01, 0.01, 0.01, 0.01, 0.01, 0.01, 0.01, 0.0, 0.0, 0.0, 0.0, 0.0, 0.0, 0.0]
prid450 G mean tp,fp,tn,fn:    [28.45, 44.45, 855.55, 71.55]
prid450 G std tp,fp,tn,fn:     [7.05, 21.8, 21.8, 7.05]

