
name_of_experiment:         experiment 4_0_0: test=viper, train=[grid, prid450], no batchnorm, using selu + alphadropout=0.05
file_name:                  siamese_cnn_image.pyc
date:                       05/08/2017   03:47:56
duration:                   39000.803995
viper mean tp,fp,tn,fn:    [17.7, 167.77, 9732.23, 82.3]
viper std tp,fp,tn,fn:     [9.13, 162.18, 162.18, 9.13]
viper detection rate (TP/(TP+FN)):      0.177
viper false alarm (FP/(FP+TN)):        0.0169461279461
viper mean ranking:        [0.16, 0.25, 0.33, 0.4, 0.45, 0.49, 0.53, 0.56, 0.6, 0.62, 0.65, 0.67, 0.69, 0.71, 0.72, 0.74, 0.76, 0.77, 0.78, 0.79, 0.8, 0.82, 0.83, 0.84, 0.85, 0.86, 0.86, 0.87, 0.88, 0.88, 0.89, 0.89, 0.9, 0.91, 0.91, 0.91, 0.92, 0.92, 0.93, 0.93, 0.93, 0.94, 0.94, 0.94, 0.94, 0.95, 0.95, 0.95, 0.96, 0.96, 0.96, 0.96, 0.97, 0.97, 0.97, 0.97, 0.97, 0.98, 0.98, 0.98, 0.98, 0.98, 0.98, 0.99, 0.99, 0.99, 0.99, 0.99, 0.99, 0.99, 0.99, 0.99, 0.99, 0.99, 0.99, 1.0, 1.0, 1.0, 1.0, 1.0, 1.0, 1.0, 1.0, 1.0, 1.0, 1.0, 1.0, 1.0, 1.0, 1.0, 1.0, 1.0, 1.0, 1.0, 1.0, 1.0, 1.0, 1.0, 1.0, 1.0]
viper std ranking:         [0.05, 0.06, 0.08, 0.09, 0.09, 0.09, 0.1, 0.1, 0.1, 0.1, 0.1, 0.1, 0.1, 0.1, 0.1, 0.09, 0.09, 0.09, 0.08, 0.08, 0.08, 0.08, 0.08, 0.07, 0.07, 0.07, 0.06, 0.06, 0.06, 0.06, 0.06, 0.06, 0.06, 0.06, 0.06, 0.06, 0.06, 0.05, 0.05, 0.05, 0.05, 0.05, 0.05, 0.04, 0.04, 0.04, 0.04, 0.04, 0.04, 0.04, 0.03, 0.03, 0.03, 0.03, 0.03, 0.03, 0.03, 0.02, 0.02, 0.02, 0.02, 0.02, 0.02, 0.02, 0.01, 0.01, 0.01, 0.01, 0.01, 0.01, 0.01, 0.01, 0.01, 0.01, 0.01, 0.01, 0.01, 0.01, 0.0, 0.0, 0.0, 0.0, 0.0, 0.0, 0.0, 0.0, 0.0, 0.0, 0.0, 0.0, 0.0, 0.0, 0.0, 0.0, 0.0, 0.0, 0.0, 0.0, 0.0, 0.0]
viper G mean tp,fp,tn,fn:    [17.7, 16.0, 884.0, 82.3]
viper G std tp,fp,tn,fn:     [9.13, 19.73, 19.73, 9.13]


name_of_experiment:         experiment 4_0_1: test=grid, train=[viper, prid450], no batchnorm, using selu + alphadropout=0.05
file_name:                  siamese_cnn_image.pyc
date:                       05/08/2017   14:48:36
duration:                   39619.494300
grid mean tp,fp,tn,fn:    [36.37, 315.67, 9584.33, 63.63]
grid std tp,fp,tn,fn:     [10.83, 215.25, 215.25, 10.83]
grid detection rate (TP/(TP+FN)):      0.363666666667
grid false alarm (FP/(FP+TN)):        0.0318855218855
grid mean ranking:        [0.21, 0.32, 0.4, 0.46, 0.52, 0.56, 0.6, 0.63, 0.67, 0.69, 0.72, 0.73, 0.75, 0.76, 0.78, 0.8, 0.81, 0.82, 0.83, 0.84, 0.85, 0.86, 0.87, 0.88, 0.89, 0.89, 0.9, 0.9, 0.91, 0.91, 0.92, 0.92, 0.93, 0.93, 0.93, 0.94, 0.94, 0.95, 0.95, 0.95, 0.96, 0.96, 0.96, 0.96, 0.97, 0.97, 0.97, 0.97, 0.97, 0.98, 0.98, 0.98, 0.98, 0.98, 0.98, 0.98, 0.98, 0.98, 0.99, 0.99, 0.99, 0.99, 0.99, 0.99, 0.99, 0.99, 0.99, 0.99, 0.99, 0.99, 0.99, 1.0, 1.0, 1.0, 1.0, 1.0, 1.0, 1.0, 1.0, 1.0, 1.0, 1.0, 1.0, 1.0, 1.0, 1.0, 1.0, 1.0, 1.0, 1.0, 1.0, 1.0, 1.0, 1.0, 1.0, 1.0, 1.0, 1.0, 1.0, 1.0]
grid std ranking:         [0.04, 0.05, 0.06, 0.06, 0.06, 0.06, 0.06, 0.06, 0.05, 0.05, 0.05, 0.05, 0.05, 0.05, 0.04, 0.04, 0.04, 0.04, 0.04, 0.04, 0.04, 0.03, 0.03, 0.03, 0.03, 0.03, 0.03, 0.03, 0.03, 0.03, 0.02, 0.02, 0.02, 0.02, 0.02, 0.02, 0.02, 0.02, 0.02, 0.02, 0.02, 0.02, 0.02, 0.01, 0.01, 0.02, 0.02, 0.02, 0.02, 0.02, 0.01, 0.01, 0.02, 0.01, 0.01, 0.01, 0.01, 0.01, 0.01, 0.01, 0.01, 0.01, 0.01, 0.01, 0.01, 0.01, 0.01, 0.01, 0.01, 0.01, 0.01, 0.01, 0.01, 0.01, 0.01, 0.0, 0.0, 0.0, 0.0, 0.0, 0.0, 0.0, 0.0, 0.0, 0.0, 0.0, 0.0, 0.0, 0.0, 0.0, 0.0, 0.0, 0.0, 0.0, 0.0, 0.0, 0.0, 0.0, 0.0, 0.0]
grid G mean tp,fp,tn,fn:    [36.37, 28.57, 871.43, 63.63]
grid G std tp,fp,tn,fn:     [10.83, 24.9, 24.9, 10.83]


name_of_experiment:         experiment 4_0_2: test=prid450, train=[viper, grid], no batchnorm, using selu + alphadropout=0.05
file_name:                  siamese_cnn_image.pyc
date:                       06/08/2017   01:41:39
duration:                   39158.331813
prid450 mean tp,fp,tn,fn:    [35.0, 362.67, 9537.33, 65.0]
prid450 std tp,fp,tn,fn:     [10.96, 323.24, 323.24, 10.96]
prid450 detection rate (TP/(TP+FN)):      0.35
prid450 false alarm (FP/(FP+TN)):        0.036632996633
prid450 mean ranking:        [0.24, 0.35, 0.42, 0.48, 0.52, 0.56, 0.59, 0.63, 0.66, 0.68, 0.7, 0.72, 0.74, 0.75, 0.77, 0.78, 0.79, 0.81, 0.82, 0.83, 0.84, 0.84, 0.85, 0.86, 0.87, 0.87, 0.88, 0.88, 0.89, 0.9, 0.9, 0.9, 0.91, 0.91, 0.92, 0.92, 0.92, 0.93, 0.93, 0.93, 0.94, 0.94, 0.94, 0.95, 0.95, 0.95, 0.96, 0.96, 0.96, 0.96, 0.97, 0.97, 0.97, 0.97, 0.98, 0.98, 0.98, 0.98, 0.98, 0.98, 0.99, 0.99, 0.99, 0.99, 0.99, 0.99, 0.99, 0.99, 0.99, 0.99, 0.99, 0.99, 0.99, 0.99, 1.0, 1.0, 1.0, 1.0, 1.0, 1.0, 1.0, 1.0, 1.0, 1.0, 1.0, 1.0, 1.0, 1.0, 1.0, 1.0, 1.0, 1.0, 1.0, 1.0, 1.0, 1.0, 1.0, 1.0, 1.0, 1.0]
prid450 std ranking:         [0.06, 0.06, 0.07, 0.07, 0.07, 0.07, 0.07, 0.07, 0.07, 0.06, 0.06, 0.06, 0.06, 0.06, 0.06, 0.06, 0.06, 0.06, 0.05, 0.05, 0.05, 0.05, 0.05, 0.05, 0.05, 0.05, 0.05, 0.04, 0.04, 0.04, 0.04, 0.04, 0.04, 0.04, 0.03, 0.03, 0.03, 0.03, 0.03, 0.03, 0.03, 0.03, 0.03, 0.03, 0.02, 0.02, 0.02, 0.02, 0.02, 0.02, 0.02, 0.02, 0.02, 0.02, 0.01, 0.01, 0.01, 0.01, 0.01, 0.01, 0.01, 0.01, 0.01, 0.01, 0.01, 0.01, 0.01, 0.01, 0.01, 0.01, 0.01, 0.01, 0.01, 0.01, 0.01, 0.01, 0.01, 0.01, 0.01, 0.01, 0.01, 0.01, 0.01, 0.0, 0.0, 0.0, 0.0, 0.0, 0.0, 0.0, 0.0, 0.0, 0.0, 0.0, 0.0, 0.0, 0.0, 0.0, 0.0, 0.0]
prid450 G mean tp,fp,tn,fn:    [35.0, 30.7, 869.3, 65.0]
prid450 G std tp,fp,tn,fn:     [10.96, 25.74, 25.74, 10.96]


name_of_experiment:         experiment 4_1_0: test=viper, train=[grid, prid450], with batchnorm
file_name:                  siamese_cnn_image.pyc
date:                       06/08/2017   15:38:19
duration:                   50173.658987
viper mean tp,fp,tn,fn:    [22.83, 271.53, 9628.47, 77.17]
viper std tp,fp,tn,fn:     [9.82, 141.61, 141.61, 9.82]
viper detection rate (TP/(TP+FN)):      0.228333333333
viper false alarm (FP/(FP+TN)):        0.0274276094276
viper mean ranking:        [0.15, 0.24, 0.31, 0.36, 0.41, 0.45, 0.49, 0.52, 0.55, 0.58, 0.6, 0.62, 0.64, 0.66, 0.68, 0.69, 0.71, 0.72, 0.73, 0.75, 0.76, 0.77, 0.78, 0.79, 0.8, 0.81, 0.82, 0.83, 0.83, 0.84, 0.85, 0.85, 0.86, 0.87, 0.87, 0.88, 0.88, 0.89, 0.89, 0.9, 0.9, 0.91, 0.91, 0.91, 0.92, 0.92, 0.92, 0.93, 0.93, 0.93, 0.94, 0.94, 0.94, 0.95, 0.95, 0.96, 0.96, 0.96, 0.96, 0.97, 0.97, 0.97, 0.97, 0.97, 0.97, 0.98, 0.98, 0.98, 0.98, 0.98, 0.98, 0.98, 0.99, 0.99, 0.99, 0.99, 0.99, 0.99, 0.99, 0.99, 0.99, 0.99, 0.99, 0.99, 0.99, 0.99, 0.99, 0.99, 1.0, 1.0, 1.0, 1.0, 1.0, 1.0, 1.0, 1.0, 1.0, 1.0, 1.0, 1.0]
viper std ranking:         [0.04, 0.06, 0.07, 0.08, 0.1, 0.11, 0.11, 0.12, 0.11, 0.11, 0.12, 0.12, 0.12, 0.12, 0.12, 0.11, 0.11, 0.11, 0.11, 0.11, 0.11, 0.11, 0.11, 0.11, 0.11, 0.11, 0.11, 0.11, 0.11, 0.11, 0.11, 0.1, 0.1, 0.1, 0.1, 0.1, 0.09, 0.09, 0.09, 0.09, 0.09, 0.09, 0.09, 0.09, 0.09, 0.08, 0.08, 0.08, 0.07, 0.07, 0.07, 0.06, 0.06, 0.05, 0.05, 0.05, 0.05, 0.05, 0.04, 0.04, 0.04, 0.04, 0.04, 0.04, 0.04, 0.03, 0.03, 0.03, 0.03, 0.03, 0.03, 0.03, 0.02, 0.02, 0.02, 0.02, 0.02, 0.02, 0.02, 0.01, 0.01, 0.01, 0.01, 0.01, 0.01, 0.01, 0.01, 0.01, 0.01, 0.01, 0.01, 0.0, 0.0, 0.0, 0.0, 0.0, 0.0, 0.0, 0.0, 0.0]
viper G mean tp,fp,tn,fn:    [22.83, 29.1, 870.9, 77.17]
viper G std tp,fp,tn,fn:     [9.82, 22.71, 22.71, 9.82]


name_of_experiment:         experiment 4_1_1: test=grid, train=[viper, prid450], with batchnorm
file_name:                  siamese_cnn_image.pyc
date:                       07/08/2017   05:21:43
duration:                   49329.387924
grid mean tp,fp,tn,fn:    [43.2, 390.1, 9509.9, 56.8]
grid std tp,fp,tn,fn:     [10.35, 177.11, 177.11, 10.35]
grid detection rate (TP/(TP+FN)):      0.432
grid false alarm (FP/(FP+TN)):        0.039404040404
grid mean ranking:        [0.23, 0.33, 0.41, 0.47, 0.52, 0.56, 0.59, 0.62, 0.65, 0.68, 0.71, 0.72, 0.74, 0.76, 0.78, 0.79, 0.8, 0.82, 0.83, 0.84, 0.85, 0.86, 0.87, 0.88, 0.88, 0.89, 0.9, 0.9, 0.9, 0.91, 0.91, 0.92, 0.92, 0.93, 0.93, 0.94, 0.94, 0.94, 0.95, 0.95, 0.95, 0.95, 0.96, 0.96, 0.96, 0.96, 0.97, 0.97, 0.97, 0.97, 0.98, 0.98, 0.98, 0.98, 0.98, 0.98, 0.98, 0.98, 0.99, 0.99, 0.99, 0.99, 0.99, 0.99, 0.99, 0.99, 0.99, 0.99, 0.99, 0.99, 1.0, 1.0, 1.0, 1.0, 1.0, 1.0, 1.0, 1.0, 1.0, 1.0, 1.0, 1.0, 1.0, 1.0, 1.0, 1.0, 1.0, 1.0, 1.0, 1.0, 1.0, 1.0, 1.0, 1.0, 1.0, 1.0, 1.0, 1.0, 1.0, 1.0]
grid std ranking:         [0.07, 0.08, 0.09, 0.09, 0.09, 0.08, 0.08, 0.08, 0.08, 0.08, 0.07, 0.07, 0.07, 0.06, 0.06, 0.06, 0.06, 0.06, 0.06, 0.05, 0.05, 0.05, 0.05, 0.04, 0.04, 0.04, 0.04, 0.04, 0.03, 0.03, 0.03, 0.03, 0.03, 0.03, 0.03, 0.03, 0.02, 0.02, 0.02, 0.02, 0.03, 0.02, 0.02, 0.02, 0.02, 0.02, 0.02, 0.02, 0.02, 0.02, 0.02, 0.02, 0.02, 0.02, 0.02, 0.01, 0.01, 0.01, 0.01, 0.01, 0.01, 0.01, 0.01, 0.01, 0.01, 0.01, 0.01, 0.01, 0.01, 0.01, 0.01, 0.01, 0.01, 0.01, 0.01, 0.0, 0.0, 0.0, 0.0, 0.0, 0.0, 0.0, 0.0, 0.0, 0.0, 0.0, 0.0, 0.0, 0.0, 0.0, 0.0, 0.0, 0.0, 0.0, 0.0, 0.0, 0.0, 0.0, 0.0, 0.0]
grid G mean tp,fp,tn,fn:    [43.2, 34.57, 865.43, 56.8]
grid G std tp,fp,tn,fn:     [10.35, 17.19, 17.19, 10.35]


name_of_experiment:         experiment 2_0_0: viper, cost_module_type=euclidean, lr=0.00001
file_name:                  siamese_cnn_image.pyc
date:                       07/08/2017   13:03:14
duration:                   3345.785581
viper mean tp,fp,tn,fn:    [0.0, 0.0, 9900.0, 100.0]
viper std tp,fp,tn,fn:     [0.0, 0.0, 0.0, 0.0]
viper detection rate (TP/(TP+FN)):      0.0
viper false alarm (FP/(FP+TN)):        0.0
viper mean ranking:        [0.04, 0.06, 0.08, 0.11, 0.13, 0.15, 0.17, 0.18, 0.2, 0.22, 0.23, 0.25, 0.26, 0.28, 0.29, 0.31, 0.32, 0.33, 0.35, 0.36, 0.37, 0.39, 0.4, 0.41, 0.43, 0.44, 0.45, 0.46, 0.48, 0.49, 0.51, 0.52, 0.53, 0.54, 0.55, 0.57, 0.58, 0.59, 0.6, 0.61, 0.63, 0.64, 0.65, 0.65, 0.67, 0.67, 0.69, 0.7, 0.71, 0.72, 0.73, 0.74, 0.75, 0.76, 0.77, 0.77, 0.78, 0.78, 0.8, 0.8, 0.81, 0.82, 0.82, 0.83, 0.84, 0.85, 0.86, 0.86, 0.87, 0.88, 0.88, 0.89, 0.9, 0.9, 0.91, 0.92, 0.92, 0.93, 0.93, 0.94, 0.94, 0.95, 0.95, 0.95, 0.96, 0.96, 0.97, 0.97, 0.98, 0.98, 0.98, 0.99, 0.99, 0.99, 0.99, 0.99, 1.0, 1.0, 1.0, 1.0]
viper std ranking:         [0.03, 0.03, 0.04, 0.04, 0.05, 0.05, 0.05, 0.05, 0.06, 0.06, 0.07, 0.07, 0.07, 0.07, 0.08, 0.08, 0.08, 0.08, 0.08, 0.09, 0.09, 0.09, 0.09, 0.1, 0.1, 0.1, 0.1, 0.1, 0.1, 0.1, 0.1, 0.1, 0.11, 0.11, 0.11, 0.11, 0.11, 0.11, 0.11, 0.11, 0.1, 0.1, 0.11, 0.1, 0.11, 0.11, 0.11, 0.11, 0.11, 0.1, 0.1, 0.1, 0.1, 0.1, 0.1, 0.1, 0.1, 0.1, 0.1, 0.1, 0.09, 0.09, 0.09, 0.09, 0.09, 0.08, 0.08, 0.08, 0.08, 0.08, 0.08, 0.07, 0.07, 0.07, 0.07, 0.06, 0.06, 0.06, 0.06, 0.05, 0.05, 0.05, 0.04, 0.04, 0.04, 0.04, 0.04, 0.03, 0.03, 0.02, 0.02, 0.02, 0.02, 0.01, 0.01, 0.01, 0.01, 0.0, 0.0, 0.0]
viper G mean tp,fp,tn,fn:    [0.0, 0.0, 900.0, 100.0]
viper G std tp,fp,tn,fn:     [0.0, 0.0, 0.0, 0.0]


name_of_experiment:         experiment 2_0_1: grid, cost_module_type=euclidean, lr=0.00001
file_name:                  siamese_cnn_image.pyc
date:                       07/08/2017   13:21:34
duration:                   1095.821897
grid mean tp,fp,tn,fn:    [0.0, 0.0, 9900.0, 100.0]
grid std tp,fp,tn,fn:     [0.0, 0.0, 0.0, 0.0]
grid detection rate (TP/(TP+FN)):      0.0
grid false alarm (FP/(FP+TN)):        0.0
grid mean ranking:        [0.11, 0.2, 0.27, 0.32, 0.37, 0.41, 0.44, 0.47, 0.49, 0.52, 0.54, 0.57, 0.59, 0.61, 0.63, 0.64, 0.66, 0.67, 0.68, 0.69, 0.7, 0.71, 0.72, 0.73, 0.73, 0.74, 0.75, 0.77, 0.77, 0.78, 0.79, 0.8, 0.81, 0.81, 0.82, 0.83, 0.83, 0.84, 0.85, 0.85, 0.86, 0.87, 0.87, 0.88, 0.89, 0.89, 0.89, 0.9, 0.9, 0.91, 0.91, 0.92, 0.93, 0.93, 0.93, 0.94, 0.94, 0.94, 0.94, 0.95, 0.95, 0.95, 0.95, 0.95, 0.95, 0.96, 0.96, 0.96, 0.96, 0.96, 0.97, 0.97, 0.97, 0.97, 0.97, 0.98, 0.98, 0.98, 0.98, 0.98, 0.98, 0.99, 0.99, 0.99, 0.99, 0.99, 0.99, 0.99, 0.99, 0.99, 1.0, 1.0, 1.0, 1.0, 1.0, 1.0, 1.0, 1.0, 1.0, 1.0]
grid std ranking:         [0.04, 0.06, 0.06, 0.06, 0.07, 0.08, 0.08, 0.08, 0.08, 0.08, 0.08, 0.07, 0.07, 0.06, 0.07, 0.06, 0.06, 0.06, 0.06, 0.06, 0.06, 0.06, 0.06, 0.06, 0.06, 0.06, 0.05, 0.05, 0.05, 0.04, 0.04, 0.04, 0.04, 0.03, 0.03, 0.03, 0.04, 0.04, 0.03, 0.03, 0.03, 0.03, 0.03, 0.03, 0.03, 0.03, 0.03, 0.03, 0.02, 0.02, 0.02, 0.02, 0.03, 0.03, 0.03, 0.03, 0.02, 0.02, 0.02, 0.02, 0.02, 0.02, 0.02, 0.02, 0.02, 0.02, 0.02, 0.02, 0.02, 0.02, 0.02, 0.02, 0.02, 0.01, 0.01, 0.01, 0.01, 0.01, 0.01, 0.01, 0.01, 0.01, 0.01, 0.01, 0.01, 0.01, 0.01, 0.01, 0.01, 0.01, 0.01, 0.0, 0.0, 0.0, 0.0, 0.0, 0.0, 0.0, 0.0, 0.0]
grid G mean tp,fp,tn,fn:    [0.0, 0.0, 900.0, 100.0]
grid G std tp,fp,tn,fn:     [0.0, 0.0, 0.0, 0.0]


name_of_experiment:         experiment 2_0_2: prid450, cost_module_type=euclidean, lr=0.00001
file_name:                  siamese_cnn_image.pyc
date:                       07/08/2017   13:58:35
duration:                   2217.913744
prid450 mean tp,fp,tn,fn:    [0.0, 0.0, 9900.0, 100.0]
prid450 std tp,fp,tn,fn:     [0.0, 0.0, 0.0, 0.0]
prid450 detection rate (TP/(TP+FN)):      0.0
prid450 false alarm (FP/(FP+TN)):        0.0
prid450 mean ranking:        [0.1, 0.16, 0.2, 0.24, 0.27, 0.3, 0.32, 0.35, 0.37, 0.39, 0.41, 0.43, 0.45, 0.47, 0.49, 0.5, 0.52, 0.53, 0.55, 0.56, 0.58, 0.6, 0.61, 0.62, 0.64, 0.65, 0.66, 0.67, 0.69, 0.7, 0.71, 0.73, 0.74, 0.75, 0.76, 0.77, 0.78, 0.79, 0.8, 0.81, 0.81, 0.82, 0.83, 0.84, 0.85, 0.85, 0.86, 0.87, 0.87, 0.88, 0.88, 0.89, 0.89, 0.9, 0.9, 0.91, 0.92, 0.92, 0.93, 0.93, 0.93, 0.94, 0.94, 0.94, 0.95, 0.95, 0.95, 0.96, 0.96, 0.96, 0.96, 0.97, 0.97, 0.97, 0.97, 0.98, 0.98, 0.98, 0.98, 0.98, 0.98, 0.99, 0.99, 0.99, 0.99, 0.99, 0.99, 0.99, 0.99, 0.99, 0.99, 0.99, 1.0, 1.0, 1.0, 1.0, 1.0, 1.0, 1.0, 1.0]
prid450 std ranking:         [0.05, 0.06, 0.06, 0.07, 0.07, 0.08, 0.09, 0.09, 0.09, 0.09, 0.09, 0.09, 0.1, 0.09, 0.09, 0.09, 0.09, 0.09, 0.09, 0.08, 0.08, 0.08, 0.08, 0.08, 0.07, 0.07, 0.07, 0.07, 0.07, 0.07, 0.06, 0.06, 0.06, 0.06, 0.06, 0.06, 0.06, 0.05, 0.05, 0.05, 0.05, 0.05, 0.05, 0.05, 0.04, 0.04, 0.04, 0.04, 0.04, 0.04, 0.04, 0.04, 0.03, 0.03, 0.03, 0.03, 0.03, 0.03, 0.03, 0.03, 0.03, 0.03, 0.03, 0.03, 0.03, 0.03, 0.03, 0.03, 0.03, 0.02, 0.02, 0.02, 0.02, 0.02, 0.02, 0.02, 0.02, 0.02, 0.02, 0.02, 0.02, 0.01, 0.01, 0.01, 0.01, 0.01, 0.01, 0.01, 0.01, 0.01, 0.01, 0.01, 0.01, 0.01, 0.01, 0.0, 0.0, 0.0, 0.0, 0.0]
prid450 G mean tp,fp,tn,fn:    [0.0, 0.0, 900.0, 100.0]
prid450 G std tp,fp,tn,fn:     [0.0, 0.0, 0.0, 0.0]


name_of_experiment:         experiment 2_1_0: viper, cost_module_type=cosine, lr=0.00001
file_name:                  siamese_cnn_image.pyc
date:                       07/08/2017   14:52:42
duration:                   3243.455787
viper mean tp,fp,tn,fn:    [94.4, 7201.1, 2698.9, 5.6]
viper std tp,fp,tn,fn:     [9.53, 1456.02, 1456.02, 9.53]
viper detection rate (TP/(TP+FN)):      0.944
viper false alarm (FP/(FP+TN)):        0.727383838384
viper mean ranking:        [0.09, 0.14, 0.17, 0.21, 0.24, 0.27, 0.29, 0.32, 0.34, 0.36, 0.39, 0.41, 0.43, 0.44, 0.47, 0.48, 0.5, 0.51, 0.52, 0.54, 0.55, 0.57, 0.58, 0.59, 0.6, 0.62, 0.63, 0.64, 0.65, 0.66, 0.67, 0.68, 0.7, 0.7, 0.71, 0.72, 0.73, 0.74, 0.75, 0.76, 0.77, 0.77, 0.78, 0.79, 0.8, 0.8, 0.81, 0.82, 0.82, 0.83, 0.84, 0.84, 0.85, 0.86, 0.86, 0.87, 0.88, 0.88, 0.89, 0.89, 0.9, 0.9, 0.91, 0.91, 0.92, 0.92, 0.93, 0.93, 0.93, 0.94, 0.94, 0.94, 0.95, 0.95, 0.95, 0.96, 0.96, 0.96, 0.97, 0.97, 0.97, 0.97, 0.97, 0.98, 0.98, 0.98, 0.98, 0.99, 0.99, 0.99, 0.99, 0.99, 0.99, 0.99, 1.0, 1.0, 1.0, 1.0, 1.0, 1.0]
viper std ranking:         [0.04, 0.05, 0.06, 0.07, 0.08, 0.08, 0.08, 0.09, 0.1, 0.1, 0.11, 0.11, 0.12, 0.13, 0.14, 0.15, 0.15, 0.16, 0.17, 0.17, 0.17, 0.17, 0.17, 0.17, 0.18, 0.18, 0.18, 0.18, 0.18, 0.18, 0.18, 0.18, 0.18, 0.18, 0.17, 0.17, 0.17, 0.17, 0.17, 0.17, 0.17, 0.16, 0.16, 0.15, 0.15, 0.15, 0.15, 0.14, 0.14, 0.14, 0.14, 0.14, 0.13, 0.13, 0.13, 0.12, 0.12, 0.11, 0.11, 0.1, 0.1, 0.1, 0.09, 0.09, 0.09, 0.09, 0.08, 0.08, 0.08, 0.07, 0.07, 0.07, 0.07, 0.07, 0.06, 0.05, 0.05, 0.04, 0.04, 0.04, 0.03, 0.03, 0.03, 0.03, 0.03, 0.03, 0.02, 0.02, 0.02, 0.02, 0.01, 0.01, 0.01, 0.01, 0.01, 0.01, 0.01, 0.01, 0.0, 0.0]
viper G mean tp,fp,tn,fn:    [94.4, 650.4, 249.6, 5.6]
viper G std tp,fp,tn,fn:     [9.53, 122.31, 122.31, 9.53]


name_of_experiment:         experiment 2_1_1: grid, cost_module_type=cosine, lr=0.00001
file_name:                  siamese_cnn_image.pyc
date:                       07/08/2017   15:10:51
duration:                   1084.812816
grid mean tp,fp,tn,fn:    [93.75, 5100.6, 4799.4, 6.25]
grid std tp,fp,tn,fn:     [1.44, 157.18, 157.18, 1.44]
grid detection rate (TP/(TP+FN)):      0.9375
grid false alarm (FP/(FP+TN)):        0.515212121212
grid mean ranking:        [0.13, 0.22, 0.28, 0.33, 0.37, 0.4, 0.44, 0.47, 0.49, 0.51, 0.54, 0.56, 0.58, 0.6, 0.62, 0.64, 0.65, 0.66, 0.68, 0.69, 0.7, 0.71, 0.73, 0.74, 0.75, 0.76, 0.77, 0.78, 0.79, 0.8, 0.8, 0.81, 0.82, 0.83, 0.83, 0.84, 0.85, 0.85, 0.86, 0.86, 0.87, 0.88, 0.88, 0.89, 0.89, 0.9, 0.9, 0.91, 0.91, 0.92, 0.92, 0.92, 0.93, 0.93, 0.94, 0.94, 0.94, 0.95, 0.95, 0.95, 0.96, 0.96, 0.96, 0.96, 0.97, 0.97, 0.97, 0.98, 0.98, 0.98, 0.98, 0.98, 0.99, 0.99, 0.99, 0.99, 0.99, 0.99, 0.99, 0.99, 0.99, 1.0, 1.0, 1.0, 1.0, 1.0, 1.0, 1.0, 1.0, 1.0, 1.0, 1.0, 1.0, 1.0, 1.0, 1.0, 1.0, 1.0, 1.0, 1.0]
grid std ranking:         [0.04, 0.05, 0.06, 0.06, 0.06, 0.06, 0.06, 0.07, 0.07, 0.07, 0.07, 0.07, 0.07, 0.06, 0.06, 0.07, 0.07, 0.07, 0.07, 0.06, 0.06, 0.06, 0.06, 0.06, 0.06, 0.05, 0.05, 0.05, 0.05, 0.05, 0.05, 0.05, 0.05, 0.05, 0.04, 0.04, 0.04, 0.04, 0.04, 0.04, 0.04, 0.03, 0.03, 0.03, 0.03, 0.03, 0.03, 0.03, 0.02, 0.02, 0.02, 0.02, 0.02, 0.02, 0.02, 0.02, 0.02, 0.02, 0.02, 0.02, 0.02, 0.02, 0.02, 0.01, 0.01, 0.01, 0.01, 0.01, 0.01, 0.01, 0.01, 0.01, 0.01, 0.01, 0.01, 0.01, 0.01, 0.01, 0.01, 0.01, 0.01, 0.01, 0.01, 0.01, 0.01, 0.01, 0.01, 0.01, 0.01, 0.0, 0.0, 0.0, 0.0, 0.0, 0.0, 0.0, 0.0, 0.0, 0.0, 0.0]
grid G mean tp,fp,tn,fn:    [93.75, 461.15, 438.85, 6.25]
grid G std tp,fp,tn,fn:     [1.44, 31.31, 31.31, 1.44]


name_of_experiment:         experiment 2_1_2: prid450, cost_module_type=cosine, lr=0.00001
file_name:                  siamese_cnn_image.pyc
date:                       07/08/2017   15:47:37
duration:                   2202.659460
prid450 mean tp,fp,tn,fn:    [95.35, 6404.45, 3495.55, 4.65]
prid450 std tp,fp,tn,fn:     [3.55, 687.57, 687.57, 3.55]
prid450 detection rate (TP/(TP+FN)):      0.9535
prid450 false alarm (FP/(FP+TN)):        0.646914141414
prid450 mean ranking:        [0.12, 0.18, 0.23, 0.27, 0.31, 0.33, 0.36, 0.38, 0.41, 0.43, 0.45, 0.47, 0.49, 0.51, 0.53, 0.55, 0.56, 0.58, 0.59, 0.61, 0.62, 0.63, 0.64, 0.66, 0.67, 0.68, 0.7, 0.71, 0.72, 0.73, 0.74, 0.75, 0.76, 0.77, 0.77, 0.78, 0.79, 0.8, 0.81, 0.82, 0.82, 0.83, 0.83, 0.84, 0.85, 0.86, 0.86, 0.87, 0.88, 0.88, 0.89, 0.89, 0.9, 0.9, 0.91, 0.91, 0.91, 0.92, 0.93, 0.93, 0.93, 0.94, 0.94, 0.94, 0.95, 0.95, 0.95, 0.96, 0.96, 0.97, 0.97, 0.97, 0.97, 0.97, 0.98, 0.98, 0.98, 0.98, 0.98, 0.98, 0.98, 0.99, 0.99, 0.99, 0.99, 0.99, 0.99, 0.99, 0.99, 0.99, 0.99, 0.99, 1.0, 1.0, 1.0, 1.0, 1.0, 1.0, 1.0, 1.0]
prid450 std ranking:         [0.06, 0.07, 0.08, 0.08, 0.09, 0.09, 0.1, 0.11, 0.1, 0.11, 0.11, 0.11, 0.11, 0.11, 0.11, 0.11, 0.11, 0.11, 0.11, 0.11, 0.11, 0.11, 0.11, 0.11, 0.11, 0.11, 0.11, 0.11, 0.11, 0.11, 0.11, 0.11, 0.11, 0.11, 0.1, 0.1, 0.1, 0.1, 0.1, 0.1, 0.09, 0.09, 0.09, 0.08, 0.08, 0.08, 0.08, 0.08, 0.08, 0.07, 0.07, 0.07, 0.07, 0.07, 0.06, 0.06, 0.06, 0.06, 0.05, 0.05, 0.05, 0.05, 0.05, 0.04, 0.04, 0.04, 0.04, 0.04, 0.03, 0.03, 0.03, 0.02, 0.03, 0.02, 0.02, 0.02, 0.02, 0.02, 0.02, 0.02, 0.02, 0.01, 0.01, 0.01, 0.01, 0.01, 0.01, 0.01, 0.01, 0.01, 0.01, 0.01, 0.01, 0.01, 0.01, 0.0, 0.0, 0.0, 0.0, 0.0]
prid450 G mean tp,fp,tn,fn:    [95.35, 599.85, 300.15, 4.65]
prid450 G std tp,fp,tn,fn:     [3.55, 79.03, 79.03, 3.55]


name_of_experiment:         experiment 4_0_0: test=viper, train=[grid, prid450], no batchnorm, using selu + alphadropout=0.05
file_name:                  siamese_cnn_image.pyc
date:                       07/08/2017   19:29:03
duration:                   6058.121005
viper mean tp,fp,tn,fn:    [27.8, 337.25, 9562.75, 72.2]
viper std tp,fp,tn,fn:     [12.42, 154.11, 154.11, 12.42]
viper detection rate (TP/(TP+FN)):      0.278
viper false alarm (FP/(FP+TN)):        0.0340656565657
viper mean ranking:        [0.13, 0.23, 0.3, 0.36, 0.41, 0.46, 0.49, 0.53, 0.55, 0.58, 0.59, 0.62, 0.64, 0.66, 0.67, 0.69, 0.71, 0.72, 0.74, 0.75, 0.76, 0.77, 0.78, 0.79, 0.8, 0.81, 0.81, 0.82, 0.83, 0.83, 0.84, 0.85, 0.86, 0.86, 0.87, 0.88, 0.88, 0.88, 0.89, 0.89, 0.9, 0.91, 0.91, 0.91, 0.92, 0.92, 0.93, 0.93, 0.93, 0.94, 0.94, 0.94, 0.94, 0.95, 0.95, 0.95, 0.95, 0.96, 0.96, 0.96, 0.96, 0.97, 0.97, 0.97, 0.97, 0.97, 0.97, 0.98, 0.98, 0.98, 0.98, 0.98, 0.98, 0.98, 0.98, 0.98, 0.99, 0.99, 0.99, 0.99, 0.99, 0.99, 0.99, 0.99, 0.99, 0.99, 1.0, 1.0, 1.0, 1.0, 1.0, 1.0, 1.0, 1.0, 1.0, 1.0, 1.0, 1.0, 1.0, 1.0]
viper std ranking:         [0.04, 0.06, 0.09, 0.09, 0.1, 0.11, 0.11, 0.12, 0.12, 0.12, 0.13, 0.13, 0.14, 0.14, 0.14, 0.14, 0.14, 0.14, 0.14, 0.14, 0.14, 0.14, 0.14, 0.14, 0.14, 0.14, 0.14, 0.13, 0.13, 0.12, 0.12, 0.12, 0.11, 0.11, 0.11, 0.11, 0.11, 0.11, 0.11, 0.11, 0.1, 0.1, 0.1, 0.1, 0.09, 0.09, 0.09, 0.09, 0.09, 0.09, 0.09, 0.08, 0.08, 0.08, 0.07, 0.07, 0.07, 0.05, 0.05, 0.05, 0.04, 0.04, 0.04, 0.04, 0.04, 0.03, 0.03, 0.03, 0.03, 0.03, 0.03, 0.03, 0.03, 0.03, 0.02, 0.02, 0.02, 0.02, 0.02, 0.02, 0.02, 0.01, 0.01, 0.01, 0.01, 0.01, 0.01, 0.01, 0.01, 0.01, 0.01, 0.0, 0.0, 0.0, 0.0, 0.0, 0.0, 0.0, 0.0, 0.0]
viper G mean tp,fp,tn,fn:    [27.8, 28.85, 871.15, 72.2]
viper G std tp,fp,tn,fn:     [12.42, 16.16, 16.16, 12.42]


name_of_experiment:         experiment 4_0_1: test=grid, train=[viper, prid450], no batchnorm, using selu + alphadropout=0.05
file_name:                  siamese_cnn_image.pyc
date:                       07/08/2017   21:08:27
duration:                   5962.486001
grid mean tp,fp,tn,fn:    [48.8, 580.9, 9319.1, 51.2]
grid std tp,fp,tn,fn:     [13.2, 314.19, 314.19, 13.2]
grid detection rate (TP/(TP+FN)):      0.488
grid false alarm (FP/(FP+TN)):        0.0586767676768
grid mean ranking:        [0.2, 0.32, 0.39, 0.45, 0.5, 0.55, 0.59, 0.62, 0.65, 0.67, 0.69, 0.71, 0.73, 0.75, 0.76, 0.78, 0.79, 0.8, 0.82, 0.83, 0.84, 0.84, 0.86, 0.86, 0.88, 0.88, 0.89, 0.9, 0.9, 0.91, 0.91, 0.91, 0.92, 0.92, 0.93, 0.93, 0.93, 0.93, 0.94, 0.94, 0.94, 0.94, 0.95, 0.95, 0.95, 0.95, 0.95, 0.96, 0.96, 0.96, 0.96, 0.97, 0.97, 0.97, 0.97, 0.98, 0.98, 0.98, 0.98, 0.98, 0.98, 0.98, 0.98, 0.98, 0.98, 0.98, 0.98, 0.99, 0.99, 0.99, 0.99, 0.99, 0.99, 0.99, 0.99, 0.99, 0.99, 0.99, 0.99, 0.99, 0.99, 0.99, 1.0, 1.0, 1.0, 1.0, 1.0, 1.0, 1.0, 1.0, 1.0, 1.0, 1.0, 1.0, 1.0, 1.0, 1.0, 1.0, 1.0, 1.0]
grid std ranking:         [0.05, 0.06, 0.06, 0.07, 0.07, 0.07, 0.06, 0.06, 0.07, 0.07, 0.06, 0.06, 0.06, 0.06, 0.06, 0.05, 0.05, 0.05, 0.05, 0.04, 0.05, 0.04, 0.04, 0.04, 0.03, 0.03, 0.02, 0.02, 0.02, 0.02, 0.02, 0.02, 0.02, 0.02, 0.02, 0.02, 0.02, 0.02, 0.02, 0.02, 0.02, 0.02, 0.02, 0.02, 0.02, 0.02, 0.01, 0.01, 0.01, 0.01, 0.01, 0.01, 0.01, 0.01, 0.01, 0.01, 0.01, 0.01, 0.01, 0.01, 0.01, 0.01, 0.01, 0.01, 0.01, 0.01, 0.01, 0.01, 0.01, 0.01, 0.01, 0.01, 0.01, 0.01, 0.01, 0.01, 0.01, 0.01, 0.01, 0.01, 0.01, 0.01, 0.01, 0.01, 0.01, 0.01, 0.01, 0.01, 0.01, 0.0, 0.0, 0.0, 0.0, 0.0, 0.0, 0.0, 0.0, 0.0, 0.0, 0.0]
grid G mean tp,fp,tn,fn:    [48.8, 52.65, 847.35, 51.2]
grid G std tp,fp,tn,fn:     [13.2, 33.77, 33.77, 13.2]


name_of_experiment:         experiment 4_0_2: test=prid450, train=[viper, grid], no batchnorm, using selu + alphadropout=0.05
file_name:                  siamese_cnn_image.pyc
date:                       07/08/2017   22:47:46
duration:                   5956.346601
prid450 mean tp,fp,tn,fn:    [49.2, 672.55, 9227.45, 50.8]
prid450 std tp,fp,tn,fn:     [11.8, 310.99, 310.99, 11.8]
prid450 detection rate (TP/(TP+FN)):      0.492
prid450 false alarm (FP/(FP+TN)):        0.0679343434343
prid450 mean ranking:        [0.22, 0.33, 0.41, 0.47, 0.51, 0.54, 0.57, 0.61, 0.63, 0.66, 0.68, 0.69, 0.71, 0.73, 0.74, 0.76, 0.77, 0.78, 0.79, 0.8, 0.81, 0.82, 0.83, 0.84, 0.85, 0.86, 0.87, 0.87, 0.88, 0.88, 0.89, 0.89, 0.9, 0.9, 0.91, 0.91, 0.92, 0.92, 0.92, 0.93, 0.93, 0.93, 0.94, 0.94, 0.94, 0.95, 0.95, 0.95, 0.96, 0.96, 0.96, 0.96, 0.97, 0.97, 0.97, 0.97, 0.97, 0.98, 0.98, 0.98, 0.98, 0.98, 0.98, 0.98, 0.99, 0.99, 0.99, 0.99, 0.99, 0.99, 0.99, 0.99, 0.99, 0.99, 0.99, 0.99, 0.99, 0.99, 0.99, 1.0, 1.0, 1.0, 1.0, 1.0, 1.0, 1.0, 1.0, 1.0, 1.0, 1.0, 1.0, 1.0, 1.0, 1.0, 1.0, 1.0, 1.0, 1.0, 1.0, 1.0]
prid450 std ranking:         [0.05, 0.06, 0.06, 0.06, 0.06, 0.05, 0.05, 0.05, 0.05, 0.05, 0.04, 0.04, 0.04, 0.04, 0.04, 0.03, 0.03, 0.03, 0.04, 0.03, 0.03, 0.03, 0.03, 0.03, 0.03, 0.03, 0.03, 0.03, 0.03, 0.03, 0.03, 0.04, 0.03, 0.03, 0.03, 0.03, 0.03, 0.03, 0.03, 0.03, 0.02, 0.02, 0.02, 0.02, 0.02, 0.02, 0.02, 0.02, 0.02, 0.02, 0.02, 0.02, 0.02, 0.02, 0.02, 0.02, 0.02, 0.02, 0.02, 0.02, 0.01, 0.01, 0.01, 0.01, 0.01, 0.01, 0.01, 0.01, 0.01, 0.01, 0.01, 0.01, 0.01, 0.01, 0.01, 0.01, 0.01, 0.01, 0.01, 0.01, 0.01, 0.01, 0.01, 0.01, 0.01, 0.0, 0.0, 0.0, 0.0, 0.0, 0.0, 0.0, 0.0, 0.0, 0.0, 0.0, 0.0, 0.0, 0.0, 0.0]
prid450 G mean tp,fp,tn,fn:    [49.2, 67.2, 832.8, 50.8]
prid450 G std tp,fp,tn,fn:     [11.8, 45.27, 45.27, 11.8]


name_of_experiment:         experiment 4_1_0: test=viper, train=[grid, prid450], with batchnorm
file_name:                  siamese_cnn_image.pyc
date:                       08/08/2017   00:53:18
duration:                   7530.331980
viper mean tp,fp,tn,fn:    [33.9, 501.5, 9398.5, 66.1]
viper std tp,fp,tn,fn:     [8.81, 213.08, 213.08, 8.81]
viper detection rate (TP/(TP+FN)):      0.339
viper false alarm (FP/(FP+TN)):        0.0506565656566
viper mean ranking:        [0.14, 0.23, 0.31, 0.36, 0.41, 0.45, 0.49, 0.53, 0.55, 0.59, 0.61, 0.64, 0.66, 0.68, 0.7, 0.71, 0.73, 0.74, 0.75, 0.77, 0.78, 0.79, 0.8, 0.81, 0.82, 0.83, 0.84, 0.85, 0.85, 0.86, 0.87, 0.87, 0.88, 0.89, 0.89, 0.9, 0.9, 0.91, 0.91, 0.92, 0.92, 0.92, 0.93, 0.93, 0.94, 0.94, 0.94, 0.95, 0.95, 0.95, 0.95, 0.96, 0.96, 0.96, 0.96, 0.97, 0.97, 0.97, 0.97, 0.97, 0.98, 0.98, 0.98, 0.98, 0.98, 0.98, 0.98, 0.98, 0.98, 0.98, 0.98, 0.99, 0.99, 0.99, 0.99, 0.99, 0.99, 0.99, 0.99, 0.99, 0.99, 1.0, 1.0, 1.0, 1.0, 1.0, 1.0, 1.0, 1.0, 1.0, 1.0, 1.0, 1.0, 1.0, 1.0, 1.0, 1.0, 1.0, 1.0, 1.0]
viper std ranking:         [0.05, 0.06, 0.07, 0.07, 0.07, 0.08, 0.08, 0.09, 0.09, 0.09, 0.09, 0.09, 0.09, 0.09, 0.09, 0.09, 0.09, 0.09, 0.09, 0.09, 0.09, 0.08, 0.08, 0.08, 0.07, 0.07, 0.07, 0.07, 0.06, 0.06, 0.06, 0.06, 0.06, 0.06, 0.06, 0.05, 0.05, 0.05, 0.05, 0.05, 0.05, 0.05, 0.05, 0.04, 0.04, 0.04, 0.04, 0.04, 0.04, 0.04, 0.04, 0.03, 0.03, 0.03, 0.03, 0.03, 0.02, 0.02, 0.02, 0.02, 0.02, 0.02, 0.02, 0.02, 0.02, 0.01, 0.01, 0.01, 0.01, 0.01, 0.01, 0.01, 0.01, 0.01, 0.01, 0.01, 0.01, 0.01, 0.01, 0.01, 0.01, 0.01, 0.01, 0.01, 0.01, 0.01, 0.01, 0.0, 0.0, 0.0, 0.0, 0.0, 0.0, 0.0, 0.0, 0.0, 0.0, 0.0, 0.0, 0.0]
viper G mean tp,fp,tn,fn:    [33.9, 42.15, 857.85, 66.1]
viper G std tp,fp,tn,fn:     [8.81, 15.8, 15.8, 8.81]


name_of_experiment:         experiment 4_1_1: test=grid, train=[viper, prid450], with batchnorm
file_name:                  siamese_cnn_image.pyc
date:                       08/08/2017   02:59:03
duration:                   7540.331666
grid mean tp,fp,tn,fn:    [59.15, 913.35, 8986.65, 40.85]
grid std tp,fp,tn,fn:     [8.22, 341.33, 341.33, 8.22]
grid detection rate (TP/(TP+FN)):      0.5915
grid false alarm (FP/(FP+TN)):        0.0922575757576
grid mean ranking:        [0.17, 0.28, 0.37, 0.44, 0.5, 0.55, 0.58, 0.61, 0.65, 0.67, 0.69, 0.71, 0.73, 0.75, 0.77, 0.78, 0.79, 0.8, 0.82, 0.83, 0.84, 0.85, 0.86, 0.87, 0.88, 0.89, 0.89, 0.9, 0.9, 0.91, 0.91, 0.92, 0.92, 0.93, 0.93, 0.93, 0.94, 0.94, 0.94, 0.94, 0.95, 0.95, 0.96, 0.96, 0.96, 0.96, 0.96, 0.97, 0.97, 0.97, 0.97, 0.97, 0.97, 0.98, 0.98, 0.98, 0.98, 0.98, 0.98, 0.98, 0.98, 0.98, 0.99, 0.99, 0.99, 0.99, 0.99, 0.99, 0.99, 0.99, 0.99, 0.99, 0.99, 0.99, 1.0, 1.0, 1.0, 1.0, 1.0, 1.0, 1.0, 1.0, 1.0, 1.0, 1.0, 1.0, 1.0, 1.0, 1.0, 1.0, 1.0, 1.0, 1.0, 1.0, 1.0, 1.0, 1.0, 1.0, 1.0, 1.0]
grid std ranking:         [0.05, 0.06, 0.07, 0.08, 0.07, 0.08, 0.07, 0.08, 0.07, 0.07, 0.07, 0.06, 0.06, 0.06, 0.06, 0.06, 0.06, 0.05, 0.05, 0.05, 0.05, 0.05, 0.05, 0.05, 0.04, 0.04, 0.04, 0.04, 0.04, 0.04, 0.04, 0.04, 0.04, 0.03, 0.03, 0.03, 0.03, 0.03, 0.03, 0.03, 0.03, 0.03, 0.03, 0.02, 0.02, 0.02, 0.02, 0.02, 0.02, 0.02, 0.02, 0.02, 0.02, 0.02, 0.02, 0.02, 0.02, 0.01, 0.01, 0.01, 0.01, 0.01, 0.01, 0.01, 0.01, 0.01, 0.01, 0.01, 0.01, 0.01, 0.01, 0.01, 0.01, 0.01, 0.01, 0.01, 0.01, 0.01, 0.0, 0.0, 0.0, 0.0, 0.0, 0.0, 0.0, 0.0, 0.0, 0.0, 0.0, 0.0, 0.0, 0.0, 0.0, 0.0, 0.0, 0.0, 0.0, 0.0, 0.0, 0.0]
grid G mean tp,fp,tn,fn:    [59.15, 85.85, 814.15, 40.85]
grid G std tp,fp,tn,fn:     [8.22, 39.23, 39.23, 8.22]


name_of_experiment:         experiment 4_1_2: test=prid450, train=[viper, grid], with batchnorm
file_name:                  siamese_cnn_image.pyc
date:                       08/08/2017   05:03:30
duration:                   7464.177222
prid450 mean tp,fp,tn,fn:    [48.2, 587.85, 9312.15, 51.8]
prid450 std tp,fp,tn,fn:     [8.9, 277.76, 277.76, 8.9]
prid450 detection rate (TP/(TP+FN)):      0.482
prid450 false alarm (FP/(FP+TN)):        0.0593787878788
prid450 mean ranking:        [0.22, 0.34, 0.41, 0.46, 0.51, 0.55, 0.58, 0.62, 0.64, 0.66, 0.68, 0.7, 0.71, 0.73, 0.74, 0.76, 0.77, 0.78, 0.79, 0.8, 0.81, 0.82, 0.83, 0.84, 0.84, 0.85, 0.86, 0.86, 0.87, 0.88, 0.88, 0.89, 0.89, 0.9, 0.9, 0.91, 0.91, 0.92, 0.92, 0.93, 0.93, 0.94, 0.94, 0.95, 0.95, 0.95, 0.96, 0.96, 0.96, 0.96, 0.97, 0.97, 0.97, 0.97, 0.97, 0.98, 0.98, 0.98, 0.98, 0.98, 0.98, 0.98, 0.98, 0.99, 0.99, 0.99, 0.99, 0.99, 0.99, 0.99, 0.99, 0.99, 0.99, 0.99, 0.99, 0.99, 1.0, 1.0, 1.0, 1.0, 1.0, 1.0, 1.0, 1.0, 1.0, 1.0, 1.0, 1.0, 1.0, 1.0, 1.0, 1.0, 1.0, 1.0, 1.0, 1.0, 1.0, 1.0, 1.0, 1.0]
prid450 std ranking:         [0.05, 0.08, 0.07, 0.07, 0.07, 0.07, 0.07, 0.07, 0.07, 0.08, 0.07, 0.07, 0.07, 0.06, 0.06, 0.06, 0.06, 0.05, 0.05, 0.05, 0.06, 0.06, 0.05, 0.05, 0.05, 0.05, 0.05, 0.05, 0.04, 0.04, 0.04, 0.04, 0.04, 0.04, 0.03, 0.03, 0.03, 0.03, 0.03, 0.03, 0.03, 0.03, 0.03, 0.03, 0.03, 0.03, 0.02, 0.02, 0.02, 0.02, 0.02, 0.02, 0.02, 0.02, 0.02, 0.02, 0.02, 0.02, 0.02, 0.02, 0.02, 0.01, 0.01, 0.01, 0.01, 0.01, 0.01, 0.01, 0.01, 0.01, 0.01, 0.01, 0.01, 0.01, 0.01, 0.01, 0.01, 0.01, 0.01, 0.01, 0.01, 0.01, 0.0, 0.0, 0.0, 0.0, 0.0, 0.0, 0.0, 0.0, 0.0, 0.0, 0.0, 0.0, 0.0, 0.0, 0.0, 0.0, 0.0, 0.0]
prid450 G mean tp,fp,tn,fn:    [48.2, 48.15, 851.85, 51.8]
prid450 G std tp,fp,tn,fn:     [8.9, 27.07, 27.07, 8.9]


name_of_experiment:         experiment 8_3: train only then save on each dataset [viper, grid]. load, retrain and test=prid450
file_name:                  experiments_thesis.py
date:                       08/08/2017   06:49:30
duration:                   1873.148221
prid450 mean tp,fp,tn,fn:    [0.16, 0.24, 0.32, 0.37, 0.41, 0.45, 0.48, 0.5, 0.54, 0.57, 0.59, 0.61, 0.62, 0.64, 0.66, 0.67, 0.69, 0.7, 0.72, 0.73, 0.74, 0.76, 0.76, 0.77, 0.78, 0.79, 0.8, 0.81, 0.82, 0.82, 0.83, 0.84, 0.85, 0.85, 0.86, 0.86, 0.87, 0.88, 0.88, 0.88, 0.89, 0.89, 0.9, 0.91, 0.91, 0.91, 0.92, 0.93, 0.93, 0.94, 0.94, 0.94, 0.95, 0.95, 0.95, 0.95, 0.96, 0.96, 0.96, 0.96, 0.97, 0.97, 0.97, 0.97, 0.97, 0.97, 0.98, 0.98, 0.98, 0.98, 0.98, 0.98, 0.99, 0.99, 0.99, 0.99, 0.99, 0.99, 0.99, 0.99, 0.99, 0.99, 1.0, 1.0, 1.0, 1.0, 1.0, 1.0, 1.0, 1.0, 1.0, 1.0, 1.0, 1.0, 1.0, 1.0, 1.0, 1.0, 1.0, 1.0]
prid450 std tp,fp,tn,fn:     [0.05, 0.06, 0.06, 0.06, 0.05, 0.06, 0.06, 0.06, 0.06, 0.05, 0.05, 0.05, 0.05, 0.05, 0.05, 0.06, 0.05, 0.05, 0.05, 0.05, 0.05, 0.05, 0.05, 0.05, 0.05, 0.05, 0.05, 0.05, 0.05, 0.05, 0.05, 0.05, 0.04, 0.04, 0.04, 0.04, 0.04, 0.04, 0.04, 0.04, 0.04, 0.03, 0.03, 0.03, 0.03, 0.03, 0.03, 0.03, 0.03, 0.03, 0.02, 0.02, 0.02, 0.02, 0.02, 0.02, 0.02, 0.02, 0.02, 0.01, 0.01, 0.01, 0.01, 0.02, 0.02, 0.02, 0.02, 0.02, 0.02, 0.01, 0.01, 0.01, 0.01, 0.01, 0.01, 0.01, 0.01, 0.01, 0.01, 0.01, 0.01, 0.01, 0.01, 0.01, 0.0, 0.0, 0.0, 0.0, 0.0, 0.0, 0.0, 0.0, 0.0, 0.0, 0.0, 0.0, 0.0, 0.0, 0.0, 0.0]
prid450 detection rate (TP/(TP+FN)):      0.302943969611
prid450 false alarm (FP/(FP+TN)):        0.435555555556
prid450 mean ranking:        [25.1, 345.4, 9554.6, 74.9]
prid450 std ranking:         [10.39, 178.29, 178.29, 10.39]


name_of_experiment:         experiment 8_4: train only then save on each dataset [viper, prid450]. load, retrain and test=grid
file_name:                  experiments_thesis.py
date:                       08/08/2017   08:36:30
duration:                   924.464242
grid mean tp,fp,tn,fn:    [0.15, 0.24, 0.3, 0.36, 0.41, 0.46, 0.49, 0.53, 0.55, 0.58, 0.61, 0.63, 0.65, 0.67, 0.69, 0.71, 0.73, 0.74, 0.75, 0.77, 0.78, 0.79, 0.8, 0.81, 0.82, 0.83, 0.84, 0.85, 0.85, 0.86, 0.87, 0.88, 0.88, 0.89, 0.89, 0.9, 0.91, 0.91, 0.92, 0.92, 0.92, 0.93, 0.93, 0.93, 0.94, 0.94, 0.94, 0.94, 0.95, 0.95, 0.95, 0.96, 0.96, 0.96, 0.96, 0.97, 0.97, 0.97, 0.97, 0.97, 0.97, 0.97, 0.97, 0.98, 0.98, 0.98, 0.98, 0.98, 0.98, 0.98, 0.98, 0.98, 0.98, 0.98, 0.99, 0.99, 0.99, 0.99, 0.99, 0.99, 0.99, 0.99, 0.99, 0.99, 0.99, 1.0, 1.0, 1.0, 1.0, 1.0, 1.0, 1.0, 1.0, 1.0, 1.0, 1.0, 1.0, 1.0, 1.0, 1.0]
grid std tp,fp,tn,fn:     [0.03, 0.05, 0.05, 0.05, 0.05, 0.05, 0.06, 0.06, 0.06, 0.06, 0.06, 0.06, 0.06, 0.06, 0.06, 0.06, 0.06, 0.06, 0.06, 0.05, 0.05, 0.05, 0.04, 0.04, 0.04, 0.04, 0.04, 0.04, 0.04, 0.04, 0.04, 0.04, 0.04, 0.04, 0.03, 0.03, 0.03, 0.03, 0.03, 0.03, 0.03, 0.03, 0.02, 0.02, 0.02, 0.02, 0.02, 0.02, 0.02, 0.02, 0.02, 0.02, 0.02, 0.02, 0.02, 0.01, 0.01, 0.01, 0.01, 0.01, 0.01, 0.01, 0.01, 0.01, 0.01, 0.01, 0.01, 0.01, 0.01, 0.01, 0.01, 0.01, 0.01, 0.01, 0.01, 0.01, 0.01, 0.01, 0.01, 0.01, 0.01, 0.01, 0.01, 0.01, 0.01, 0.01, 0.01, 0.01, 0.01, 0.0, 0.0, 0.0, 0.0, 0.0, 0.0, 0.0, 0.0, 0.0, 0.0, 0.0]
grid detection rate (TP/(TP+FN)):      0.293188548865
grid false alarm (FP/(FP+TN)):        0.440366972477
grid mean ranking:        [22.95, 280.25, 9619.75, 77.05]
grid std ranking:         [12.7, 254.63, 254.63, 12.7]


name_of_experiment:         experiment 8_5: train only then save on each dataset [prid450, viper]. load, retrain and test=grid
file_name:                  experiments_thesis.py
date:                       08/08/2017   10:23:14
duration:                   927.421530
grid mean tp,fp,tn,fn:    [0.15, 0.25, 0.32, 0.39, 0.43, 0.47, 0.51, 0.54, 0.57, 0.59, 0.61, 0.64, 0.67, 0.69, 0.71, 0.73, 0.74, 0.75, 0.76, 0.77, 0.78, 0.79, 0.8, 0.81, 0.82, 0.83, 0.84, 0.85, 0.86, 0.86, 0.86, 0.87, 0.88, 0.88, 0.89, 0.9, 0.9, 0.9, 0.91, 0.91, 0.91, 0.92, 0.92, 0.93, 0.93, 0.93, 0.94, 0.94, 0.94, 0.94, 0.95, 0.95, 0.95, 0.95, 0.95, 0.95, 0.96, 0.96, 0.96, 0.96, 0.97, 0.97, 0.97, 0.97, 0.98, 0.98, 0.98, 0.98, 0.98, 0.98, 0.98, 0.98, 0.98, 0.98, 0.99, 0.99, 0.99, 0.99, 0.99, 0.99, 0.99, 0.99, 0.99, 0.99, 0.99, 0.99, 0.99, 0.99, 0.99, 0.99, 0.99, 0.99, 0.99, 1.0, 1.0, 1.0, 1.0, 1.0, 1.0, 1.0]
grid std tp,fp,tn,fn:     [0.05, 0.06, 0.08, 0.09, 0.09, 0.09, 0.09, 0.09, 0.09, 0.09, 0.08, 0.07, 0.07, 0.06, 0.07, 0.07, 0.06, 0.07, 0.07, 0.06, 0.06, 0.05, 0.05, 0.05, 0.05, 0.05, 0.05, 0.05, 0.05, 0.05, 0.05, 0.05, 0.04, 0.04, 0.04, 0.03, 0.03, 0.03, 0.03, 0.03, 0.03, 0.03, 0.03, 0.02, 0.02, 0.02, 0.02, 0.02, 0.02, 0.02, 0.02, 0.02, 0.02, 0.02, 0.02, 0.02, 0.02, 0.02, 0.02, 0.02, 0.02, 0.02, 0.01, 0.01, 0.01, 0.01, 0.01, 0.01, 0.01, 0.01, 0.01, 0.01, 0.01, 0.01, 0.01, 0.01, 0.01, 0.01, 0.01, 0.01, 0.01, 0.01, 0.01, 0.01, 0.01, 0.01, 0.01, 0.01, 0.01, 0.01, 0.01, 0.01, 0.01, 0.01, 0.01, 0.01, 0.0, 0.0, 0.0, 0.0]
grid detection rate (TP/(TP+FN)):      0.283194057567
grid false alarm (FP/(FP+TN)):        0.431578947368
grid mean ranking:        [17.0, 175.35, 9724.65, 83.0]
grid std ranking:         [9.3, 200.24, 200.24, 9.3]


name_of_experiment:         experiment 10_1_0: video_head_type=3d_convolution on ilids, with batchnorm
file_name:                  siamese_cnn_video.pyc
date:                       09/08/2017   06:26:49
duration:                   49400.129340
ilids-vid mean tp,fp,tn,fn:    [16.0, 38.8, 831.2, 14.0]
ilids-vid std tp,fp,tn,fn:     [4.69, 15.3, 15.3, 4.69]
ilids-vid detection rate (TP/(TP+FN)):      0.533333333333
ilids-vid false alarm (FP/(FP+TN)):        0.0445977011494
ilids-vid mean ranking:        [0.46, 0.65, 0.73, 0.77, 0.81, 0.83, 0.86, 0.89, 0.91, 0.93, 0.93, 0.95, 0.96, 0.96, 0.97, 0.97, 0.99, 0.99, 0.99, 0.99, 0.99, 0.99, 0.99, 0.99, 0.99, 0.99, 0.99, 0.99, 0.99, 1.0]
ilids-vid std ranking:         [0.06, 0.06, 0.1, 0.08, 0.06, 0.07, 0.09, 0.06, 0.06, 0.06, 0.05, 0.04, 0.04, 0.04, 0.03, 0.03, 0.01, 0.01, 0.01, 0.01, 0.01, 0.01, 0.01, 0.01, 0.01, 0.01, 0.01, 0.01, 0.01, 0.0]
ilids-vid G mean tp,fp,tn,fn:    [16.0, 11.6, 258.4, 14.0]
ilids-vid G std tp,fp,tn,fn:     [4.69, 7.42, 7.42, 4.69]


name_of_experiment:         experiment 10_1_1: video_head_type=3d_convolution on prid2011, with batchnorm
file_name:                  siamese_cnn_video.pyc
date:                       10/08/2017   15:33:48
duration:                   119207.728989
prid2011 mean tp,fp,tn,fn:    [25.0, 18.2, 851.8, 5.0]
prid2011 std tp,fp,tn,fn:     [2.9, 6.05, 6.05, 2.9]
prid2011 detection rate (TP/(TP+FN)):      0.833333333333
prid2011 false alarm (FP/(FP+TN)):        0.0209195402299
prid2011 mean ranking:        [0.79, 0.85, 0.87, 0.89, 0.91, 0.93, 0.93, 0.94, 0.94, 0.95, 0.96, 0.97, 0.97, 0.97, 0.97, 0.97, 0.97, 0.98, 0.98, 0.98, 0.98, 0.99, 0.99, 0.99, 0.99, 0.99, 0.99, 0.99, 1.0, 1.0]
prid2011 std ranking:         [0.09, 0.11, 0.1, 0.08, 0.08, 0.05, 0.05, 0.05, 0.05, 0.04, 0.04, 0.03, 0.03, 0.03, 0.03, 0.03, 0.03, 0.03, 0.03, 0.03, 0.03, 0.01, 0.01, 0.01, 0.01, 0.01, 0.01, 0.01, 0.0, 0.0]
prid2011 G mean tp,fp,tn,fn:    [25.0, 5.8, 264.2, 5.0]
prid2011 G std tp,fp,tn,fn:     [2.9, 2.48, 2.48, 2.9]


name_of_experiment:         experiment 9_0: train only then save on each dataset [grid, prid450]. load, retrain and test=viper
file_name:                  experiments_thesis.py
date:                       14/08/2017   11:43:13
duration:                   2806.221953
viper mean tp,fp,tn,fn:    [0.09, 0.15, 0.21, 0.26, 0.3, 0.33, 0.36, 0.39, 0.42, 0.45, 0.48, 0.5, 0.51, 0.53, 0.55, 0.57, 0.58, 0.6, 0.61, 0.63, 0.65, 0.66, 0.68, 0.69, 0.7, 0.71, 0.72, 0.73, 0.74, 0.75, 0.76, 0.77, 0.78, 0.79, 0.8, 0.8, 0.81, 0.82, 0.83, 0.83, 0.84, 0.84, 0.85, 0.86, 0.86, 0.87, 0.87, 0.88, 0.88, 0.89, 0.89, 0.9, 0.9, 0.91, 0.91, 0.92, 0.92, 0.93, 0.93, 0.93, 0.93, 0.94, 0.94, 0.94, 0.94, 0.95, 0.95, 0.95, 0.96, 0.96, 0.96, 0.96, 0.96, 0.97, 0.97, 0.97, 0.97, 0.98, 0.98, 0.98, 0.98, 0.98, 0.98, 0.99, 0.99, 0.99, 0.99, 0.99, 0.99, 0.99, 0.99, 1.0, 1.0, 1.0, 1.0, 1.0, 1.0, 1.0, 1.0, 1.0]
viper std tp,fp,tn,fn:     [0.04, 0.06, 0.07, 0.08, 0.09, 0.1, 0.1, 0.11, 0.12, 0.12, 0.12, 0.12, 0.11, 0.12, 0.12, 0.12, 0.12, 0.12, 0.12, 0.11, 0.11, 0.11, 0.11, 0.11, 0.11, 0.11, 0.12, 0.11, 0.11, 0.12, 0.11, 0.11, 0.11, 0.11, 0.11, 0.11, 0.1, 0.1, 0.1, 0.1, 0.1, 0.09, 0.09, 0.09, 0.09, 0.09, 0.09, 0.09, 0.09, 0.08, 0.08, 0.08, 0.08, 0.08, 0.08, 0.08, 0.08, 0.08, 0.08, 0.07, 0.07, 0.07, 0.07, 0.06, 0.06, 0.06, 0.06, 0.06, 0.05, 0.05, 0.05, 0.05, 0.05, 0.05, 0.04, 0.04, 0.04, 0.04, 0.03, 0.03, 0.02, 0.02, 0.02, 0.02, 0.02, 0.01, 0.01, 0.01, 0.01, 0.01, 0.01, 0.01, 0.01, 0.0, 0.0, 0.0, 0.0, 0.0, 0.0, 0.0]
viper detection rate (TP/(TP+FN)):      0.258670520231
viper false alarm (FP/(FP+TN)):        0.419127988748
viper mean ranking:        [21.75, 499.1, 9400.9, 78.25]
viper std ranking:         [9.68, 225.24, 225.24, 9.68]


name_of_experiment:         experiment 9_1: train only then save on each dataset [prid450, grid]. load, retrain and test=viper
file_name:                  experiments_thesis.py
date:                       14/08/2017   13:27:00
duration:                   2773.731282
viper mean tp,fp,tn,fn:    [0.1, 0.17, 0.22, 0.28, 0.32, 0.35, 0.39, 0.43, 0.45, 0.48, 0.5, 0.53, 0.55, 0.57, 0.59, 0.6, 0.63, 0.64, 0.66, 0.67, 0.68, 0.69, 0.71, 0.72, 0.73, 0.74, 0.76, 0.77, 0.78, 0.79, 0.8, 0.81, 0.82, 0.82, 0.83, 0.84, 0.85, 0.85, 0.86, 0.86, 0.87, 0.88, 0.88, 0.89, 0.89, 0.9, 0.9, 0.91, 0.91, 0.92, 0.92, 0.93, 0.93, 0.93, 0.94, 0.94, 0.94, 0.95, 0.95, 0.95, 0.95, 0.96, 0.96, 0.96, 0.96, 0.97, 0.97, 0.97, 0.97, 0.97, 0.98, 0.98, 0.98, 0.98, 0.98, 0.99, 0.99, 0.99, 0.99, 0.99, 0.99, 0.99, 0.99, 0.99, 0.99, 0.99, 1.0, 1.0, 1.0, 1.0, 1.0, 1.0, 1.0, 1.0, 1.0, 1.0, 1.0, 1.0, 1.0, 1.0]
viper std tp,fp,tn,fn:     [0.03, 0.04, 0.05, 0.05, 0.06, 0.05, 0.06, 0.06, 0.07, 0.07, 0.06, 0.07, 0.06, 0.07, 0.07, 0.07, 0.07, 0.07, 0.07, 0.07, 0.07, 0.07, 0.07, 0.07, 0.07, 0.07, 0.07, 0.07, 0.07, 0.06, 0.06, 0.06, 0.06, 0.06, 0.06, 0.06, 0.06, 0.06, 0.06, 0.06, 0.06, 0.05, 0.05, 0.05, 0.04, 0.04, 0.04, 0.04, 0.04, 0.03, 0.03, 0.03, 0.04, 0.03, 0.03, 0.03, 0.03, 0.03, 0.03, 0.03, 0.03, 0.03, 0.02, 0.02, 0.02, 0.02, 0.02, 0.02, 0.02, 0.02, 0.02, 0.02, 0.02, 0.02, 0.01, 0.01, 0.01, 0.01, 0.01, 0.01, 0.01, 0.01, 0.01, 0.01, 0.01, 0.01, 0.01, 0.01, 0.01, 0.01, 0.01, 0.01, 0.0, 0.0, 0.0, 0.0, 0.0, 0.0, 0.0, 0.0]
viper detection rate (TP/(TP+FN)):      0.269736842105
viper false alarm (FP/(FP+TN)):        0.440100882724
viper mean ranking:        [27.7, 561.3, 9338.7, 72.3]
viper std ranking:         [7.64, 235.7, 235.7, 7.64]


name_of_experiment:         experiment 9_2: train only then save on each dataset [grid, viper]. load, retrain and test=prid450
file_name:                  experiments_thesis.py
date:                       14/08/2017   15:11:36
duration:                   1835.195212
prid450 mean tp,fp,tn,fn:    [0.14, 0.21, 0.28, 0.33, 0.38, 0.42, 0.45, 0.48, 0.5, 0.53, 0.55, 0.57, 0.59, 0.6, 0.63, 0.64, 0.66, 0.67, 0.69, 0.7, 0.72, 0.73, 0.74, 0.75, 0.76, 0.77, 0.78, 0.79, 0.8, 0.8, 0.81, 0.82, 0.82, 0.83, 0.84, 0.85, 0.85, 0.86, 0.87, 0.88, 0.89, 0.89, 0.9, 0.9, 0.91, 0.91, 0.92, 0.92, 0.93, 0.93, 0.94, 0.94, 0.94, 0.95, 0.95, 0.95, 0.96, 0.96, 0.96, 0.96, 0.96, 0.97, 0.97, 0.97, 0.97, 0.97, 0.98, 0.98, 0.98, 0.98, 0.98, 0.99, 0.99, 0.99, 0.99, 0.99, 0.99, 0.99, 0.99, 0.99, 0.99, 1.0, 1.0, 1.0, 1.0, 1.0, 1.0, 1.0, 1.0, 1.0, 1.0, 1.0, 1.0, 1.0, 1.0, 1.0, 1.0, 1.0, 1.0, 1.0]
prid450 std tp,fp,tn,fn:     [0.05, 0.05, 0.06, 0.06, 0.06, 0.06, 0.06, 0.06, 0.06, 0.07, 0.06, 0.07, 0.06, 0.07, 0.07, 0.07, 0.07, 0.06, 0.06, 0.06, 0.06, 0.06, 0.06, 0.05, 0.05, 0.05, 0.05, 0.05, 0.05, 0.05, 0.05, 0.04, 0.04, 0.04, 0.05, 0.04, 0.04, 0.04, 0.04, 0.04, 0.04, 0.04, 0.04, 0.04, 0.04, 0.04, 0.04, 0.04, 0.04, 0.03, 0.03, 0.03, 0.03, 0.03, 0.03, 0.03, 0.03, 0.03, 0.02, 0.02, 0.02, 0.02, 0.02, 0.02, 0.02, 0.02, 0.02, 0.02, 0.02, 0.01, 0.01, 0.01, 0.01, 0.01, 0.01, 0.01, 0.01, 0.01, 0.01, 0.01, 0.01, 0.01, 0.01, 0.0, 0.0, 0.0, 0.0, 0.0, 0.0, 0.0, 0.0, 0.0, 0.0, 0.0, 0.0, 0.0, 0.0, 0.0, 0.0, 0.0]
prid450 detection rate (TP/(TP+FN)):      0.292682926829
prid450 false alarm (FP/(FP+TN)):        0.432926829268
prid450 mean ranking:        [21.2, 320.7, 9579.3, 78.8]
prid450 std ranking:         [9.35, 172.2, 172.2, 9.35]


name_of_experiment:         experiment 10_3_0: video_head_type=3d_convolution on ilids, with batchnorm, with concatenation
file_name:                  siamese_cnn_video.pyc
date:                       15/08/2017   20:32:04
duration:                   13794.363593
ilids-vid mean tp,fp,tn,fn:    [22.2, 123.8, 746.2, 7.8]
ilids-vid std tp,fp,tn,fn:     [1.72, 36.57, 36.57, 1.72]
ilids-vid detection rate (TP/(TP+FN)):      0.74
ilids-vid false alarm (FP/(FP+TN)):        0.142298850575
ilids-vid mean ranking:        [0.4, 0.57, 0.68, 0.73, 0.76, 0.79, 0.82, 0.85, 0.85, 0.85, 0.9, 0.91, 0.92, 0.94, 0.95, 0.97, 0.97, 0.98, 0.99, 0.99, 0.99, 0.99, 0.99, 0.99, 0.99, 1.0, 1.0, 1.0, 1.0, 1.0]
ilids-vid std ranking:         [0.04, 0.05, 0.06, 0.08, 0.07, 0.07, 0.06, 0.07, 0.05, 0.05, 0.05, 0.05, 0.05, 0.04, 0.04, 0.02, 0.02, 0.03, 0.01, 0.01, 0.01, 0.01, 0.01, 0.01, 0.01, 0.0, 0.0, 0.0, 0.0, 0.0]
ilids-vid G mean tp,fp,tn,fn:    [22.2, 33.0, 237.0, 7.8]
ilids-vid G std tp,fp,tn,fn:     [1.72, 6.23, 6.23, 1.72]


name_of_experiment:         experiment 10_3_1: video_head_type=3d_convolution on prid2011, with batchnorm, with concatenation
file_name:                  siamese_cnn_video.pyc
date:                       16/08/2017   03:33:53
duration:                   25306.330494
prid2011 mean tp,fp,tn,fn:    [25.8, 50.6, 819.4, 4.2]
prid2011 std tp,fp,tn,fn:     [3.06, 27.14, 27.14, 3.06]
prid2011 detection rate (TP/(TP+FN)):      0.86
prid2011 false alarm (FP/(FP+TN)):        0.0581609195402
prid2011 mean ranking:        [0.78, 0.86, 0.89, 0.9, 0.91, 0.91, 0.91, 0.91, 0.91, 0.93, 0.93, 0.94, 0.95, 0.95, 0.96, 0.97, 0.97, 0.97, 0.97, 0.97, 0.97, 0.97, 0.98, 0.98, 0.98, 0.98, 0.99, 0.99, 0.99, 1.0]
prid2011 std ranking:         [0.13, 0.11, 0.1, 0.1, 0.1, 0.1, 0.1, 0.1, 0.1, 0.09, 0.09, 0.08, 0.08, 0.07, 0.05, 0.04, 0.04, 0.04, 0.04, 0.04, 0.03, 0.03, 0.03, 0.03, 0.03, 0.03, 0.01, 0.01, 0.01, 0.0]
prid2011 G mean tp,fp,tn,fn:    [25.8, 13.0, 257.0, 4.2]
prid2011 G std tp,fp,tn,fn:     [3.06, 6.48, 6.48, 3.06]

