
name_of_experiment:         experiment 1_0_1: grid, neural_distance=absolute
file_name:                  siamese_cnn_image.pyc
date:                       07/08/2017   12:26:17
duration:                   1138.588711
grid mean tp,fp,tn,fn:    [10.45, 128.75, 9771.25, 89.55]
grid std tp,fp,tn,fn:     [4.94, 73.86, 73.86, 4.94]
grid detection rate (TP/(TP+FN)):      0.1045
grid false alarm (FP/(FP+TN)):        0.0130050505051
grid mean ranking:        [0.12, 0.19, 0.26, 0.31, 0.36, 0.4, 0.43, 0.47, 0.49, 0.52, 0.54, 0.57, 0.59, 0.61, 0.63, 0.65, 0.66, 0.68, 0.7, 0.71, 0.73, 0.74, 0.75, 0.76, 0.77, 0.78, 0.79, 0.8, 0.81, 0.82, 0.83, 0.84, 0.85, 0.85, 0.86, 0.87, 0.87, 0.88, 0.89, 0.9, 0.9, 0.91, 0.91, 0.92, 0.92, 0.92, 0.93, 0.93, 0.93, 0.94, 0.94, 0.94, 0.95, 0.95, 0.95, 0.96, 0.96, 0.96, 0.97, 0.97, 0.97, 0.97, 0.97, 0.97, 0.98, 0.98, 0.98, 0.98, 0.98, 0.98, 0.98, 0.98, 0.98, 0.99, 0.99, 0.99, 0.99, 0.99, 0.99, 0.99, 0.99, 0.99, 0.99, 0.99, 0.99, 0.99, 0.99, 0.99, 0.99, 1.0, 1.0, 1.0, 1.0, 1.0, 1.0, 1.0, 1.0, 1.0, 1.0, 1.0]
grid std ranking:         [0.03, 0.04, 0.04, 0.05, 0.06, 0.06, 0.07, 0.07, 0.07, 0.07, 0.07, 0.07, 0.07, 0.06, 0.06, 0.06, 0.06, 0.06, 0.06, 0.06, 0.06, 0.06, 0.06, 0.06, 0.05, 0.05, 0.05, 0.05, 0.05, 0.05, 0.05, 0.05, 0.05, 0.05, 0.04, 0.04, 0.04, 0.04, 0.04, 0.04, 0.03, 0.03, 0.03, 0.03, 0.03, 0.03, 0.03, 0.03, 0.02, 0.02, 0.02, 0.02, 0.02, 0.02, 0.02, 0.02, 0.02, 0.02, 0.02, 0.02, 0.02, 0.02, 0.02, 0.02, 0.02, 0.02, 0.01, 0.01, 0.02, 0.02, 0.02, 0.02, 0.02, 0.01, 0.01, 0.01, 0.01, 0.01, 0.01, 0.01, 0.01, 0.01, 0.01, 0.01, 0.01, 0.01, 0.01, 0.01, 0.01, 0.0, 0.0, 0.0, 0.0, 0.0, 0.0, 0.0, 0.0, 0.0, 0.0, 0.0]
grid G mean tp,fp,tn,fn:    [10.45, 13.0, 887.0, 89.55]
grid G std tp,fp,tn,fn:     [4.94, 13.55, 13.55, 4.94]


name_of_experiment:         experiment 1_1_1: grid, neural_distance=subtract
file_name:                  siamese_cnn_image.pyc
date:                       07/08/2017   12:45:21
duration:                   1139.695711
grid mean tp,fp,tn,fn:    [54.9, 988.85, 8911.15, 45.1]
grid std tp,fp,tn,fn:     [7.11, 158.68, 158.68, 7.11]
grid detection rate (TP/(TP+FN)):      0.549
grid false alarm (FP/(FP+TN)):        0.0998838383838
grid mean ranking:        [0.12, 0.21, 0.28, 0.34, 0.39, 0.43, 0.47, 0.51, 0.55, 0.57, 0.6, 0.63, 0.65, 0.67, 0.68, 0.7, 0.71, 0.73, 0.74, 0.76, 0.77, 0.78, 0.79, 0.8, 0.81, 0.82, 0.83, 0.84, 0.85, 0.85, 0.86, 0.86, 0.87, 0.88, 0.88, 0.89, 0.89, 0.89, 0.9, 0.91, 0.91, 0.91, 0.92, 0.92, 0.93, 0.93, 0.93, 0.94, 0.94, 0.94, 0.94, 0.95, 0.95, 0.95, 0.96, 0.96, 0.96, 0.96, 0.96, 0.97, 0.97, 0.97, 0.97, 0.98, 0.98, 0.98, 0.98, 0.98, 0.99, 0.99, 0.99, 0.99, 0.99, 0.99, 0.99, 0.99, 0.99, 0.99, 1.0, 1.0, 1.0, 1.0, 1.0, 1.0, 1.0, 1.0, 1.0, 1.0, 1.0, 1.0, 1.0, 1.0, 1.0, 1.0, 1.0, 1.0, 1.0, 1.0, 1.0, 1.0]
grid std ranking:         [0.04, 0.04, 0.04, 0.04, 0.04, 0.04, 0.04, 0.04, 0.05, 0.06, 0.06, 0.05, 0.05, 0.05, 0.05, 0.05, 0.05, 0.05, 0.05, 0.05, 0.05, 0.05, 0.05, 0.04, 0.05, 0.04, 0.04, 0.04, 0.04, 0.04, 0.04, 0.04, 0.03, 0.04, 0.03, 0.03, 0.03, 0.03, 0.03, 0.03, 0.03, 0.03, 0.03, 0.03, 0.02, 0.03, 0.03, 0.02, 0.02, 0.02, 0.02, 0.02, 0.02, 0.02, 0.02, 0.02, 0.02, 0.02, 0.02, 0.02, 0.01, 0.01, 0.01, 0.01, 0.01, 0.01, 0.01, 0.01, 0.01, 0.01, 0.01, 0.01, 0.01, 0.01, 0.01, 0.01, 0.01, 0.01, 0.01, 0.01, 0.01, 0.01, 0.01, 0.01, 0.0, 0.0, 0.0, 0.0, 0.0, 0.0, 0.0, 0.0, 0.0, 0.0, 0.0, 0.0, 0.0, 0.0, 0.0, 0.0]
grid G mean tp,fp,tn,fn:    [54.9, 88.05, 811.95, 45.1]
grid G std tp,fp,tn,fn:     [7.11, 31.32, 31.32, 7.11]


name_of_experiment:         experiment 1_2_1: grid, neural_distance=concatenate
file_name:                  siamese_cnn_image.pyc
date:                       07/08/2017   13:04:30
duration:                   1145.248945
grid mean tp,fp,tn,fn:    [70.1, 1804.25, 8095.75, 29.9]
grid std tp,fp,tn,fn:     [6.88, 185.55, 185.55, 6.88]
grid detection rate (TP/(TP+FN)):      0.701
grid false alarm (FP/(FP+TN)):        0.182247474747
grid mean ranking:        [0.08, 0.17, 0.25, 0.3, 0.34, 0.39, 0.43, 0.47, 0.5, 0.53, 0.56, 0.59, 0.61, 0.63, 0.65, 0.67, 0.69, 0.7, 0.72, 0.73, 0.74, 0.76, 0.77, 0.78, 0.79, 0.8, 0.8, 0.81, 0.82, 0.83, 0.84, 0.84, 0.85, 0.86, 0.86, 0.87, 0.88, 0.88, 0.89, 0.9, 0.9, 0.91, 0.91, 0.92, 0.92, 0.92, 0.93, 0.93, 0.94, 0.94, 0.94, 0.94, 0.95, 0.95, 0.95, 0.96, 0.96, 0.96, 0.96, 0.96, 0.97, 0.97, 0.97, 0.97, 0.97, 0.98, 0.98, 0.98, 0.98, 0.98, 0.98, 0.98, 0.98, 0.98, 0.99, 0.99, 0.99, 0.99, 0.99, 0.99, 0.99, 0.99, 0.99, 0.99, 0.99, 1.0, 1.0, 1.0, 1.0, 1.0, 1.0, 1.0, 1.0, 1.0, 1.0, 1.0, 1.0, 1.0, 1.0, 1.0]
grid std ranking:         [0.02, 0.03, 0.04, 0.04, 0.05, 0.05, 0.05, 0.05, 0.05, 0.05, 0.06, 0.06, 0.06, 0.06, 0.05, 0.05, 0.05, 0.06, 0.06, 0.06, 0.06, 0.06, 0.06, 0.06, 0.06, 0.06, 0.05, 0.05, 0.05, 0.05, 0.05, 0.05, 0.05, 0.05, 0.05, 0.04, 0.04, 0.04, 0.04, 0.03, 0.03, 0.03, 0.03, 0.03, 0.03, 0.03, 0.03, 0.02, 0.02, 0.02, 0.02, 0.02, 0.02, 0.02, 0.02, 0.02, 0.02, 0.02, 0.02, 0.02, 0.02, 0.01, 0.01, 0.01, 0.01, 0.01, 0.01, 0.01, 0.01, 0.01, 0.01, 0.01, 0.01, 0.01, 0.01, 0.01, 0.01, 0.01, 0.01, 0.01, 0.01, 0.01, 0.01, 0.01, 0.01, 0.01, 0.0, 0.0, 0.0, 0.0, 0.0, 0.0, 0.0, 0.0, 0.0, 0.0, 0.0, 0.0, 0.0, 0.0]
grid G mean tp,fp,tn,fn:    [70.1, 162.8, 737.2, 29.9]
grid G std tp,fp,tn,fn:     [6.88, 23.69, 23.69, 6.88]


name_of_experiment:         experiment 1_3_1: grid, neural_distance=divide
file_name:                  siamese_cnn_image.pyc
date:                       07/08/2017   13:23:34
duration:                   1140.115051
grid mean tp,fp,tn,fn:    [21.55, 2036.55, 7863.45, 78.45]
grid std tp,fp,tn,fn:     [30.5, 2966.99, 2966.99, 30.5]
grid detection rate (TP/(TP+FN)):      0.2155
grid false alarm (FP/(FP+TN)):        0.205712121212
grid mean ranking:        [0.01, 0.02, 0.03, 0.04, 0.05, 0.06, 0.07, 0.08, 0.09, 0.1, 0.11, 0.13, 0.13, 0.15, 0.16, 0.17, 0.18, 0.19, 0.2, 0.2, 0.21, 0.23, 0.24, 0.24, 0.26, 0.27, 0.28, 0.29, 0.3, 0.3, 0.31, 0.32, 0.34, 0.35, 0.36, 0.37, 0.38, 0.39, 0.4, 0.41, 0.42, 0.43, 0.44, 0.45, 0.46, 0.46, 0.48, 0.49, 0.5, 0.51, 0.52, 0.53, 0.54, 0.55, 0.56, 0.57, 0.58, 0.59, 0.6, 0.61, 0.62, 0.63, 0.64, 0.65, 0.66, 0.67, 0.68, 0.69, 0.7, 0.7, 0.71, 0.72, 0.73, 0.74, 0.75, 0.76, 0.77, 0.78, 0.79, 0.8, 0.81, 0.82, 0.83, 0.84, 0.85, 0.86, 0.87, 0.88, 0.89, 0.89, 0.9, 0.91, 0.92, 0.93, 0.94, 0.96, 0.97, 0.98, 0.99, 1.0]
grid std ranking:         [0.01, 0.01, 0.01, 0.02, 0.02, 0.02, 0.02, 0.02, 0.03, 0.03, 0.03, 0.04, 0.03, 0.03, 0.03, 0.03, 0.03, 0.03, 0.03, 0.03, 0.03, 0.04, 0.04, 0.04, 0.04, 0.05, 0.04, 0.04, 0.04, 0.04, 0.04, 0.04, 0.04, 0.04, 0.04, 0.04, 0.04, 0.04, 0.04, 0.04, 0.04, 0.04, 0.04, 0.04, 0.04, 0.04, 0.04, 0.04, 0.04, 0.04, 0.04, 0.04, 0.04, 0.04, 0.04, 0.04, 0.04, 0.04, 0.04, 0.04, 0.04, 0.04, 0.04, 0.04, 0.03, 0.03, 0.03, 0.03, 0.03, 0.03, 0.03, 0.03, 0.03, 0.03, 0.03, 0.03, 0.03, 0.02, 0.02, 0.02, 0.03, 0.03, 0.02, 0.02, 0.02, 0.02, 0.02, 0.02, 0.02, 0.02, 0.02, 0.02, 0.02, 0.02, 0.02, 0.02, 0.01, 0.01, 0.01, 0.0]
grid G mean tp,fp,tn,fn:    [21.55, 182.6, 717.4, 78.45]
grid G std tp,fp,tn,fn:     [30.5, 267.12, 267.12, 30.5]


name_of_experiment:         experiment 1_4_1: grid, neural_distance=add
file_name:                  siamese_cnn_image.pyc
date:                       07/08/2017   13:42:39
duration:                   1140.742212
grid mean tp,fp,tn,fn:    [51.75, 2482.55, 7417.45, 48.25]
grid std tp,fp,tn,fn:     [7.99, 666.12, 666.12, 7.99]
grid detection rate (TP/(TP+FN)):      0.5175
grid false alarm (FP/(FP+TN)):        0.250762626263
grid mean ranking:        [0.04, 0.09, 0.12, 0.15, 0.18, 0.21, 0.23, 0.26, 0.28, 0.3, 0.32, 0.35, 0.37, 0.38, 0.4, 0.42, 0.44, 0.45, 0.47, 0.48, 0.5, 0.51, 0.53, 0.54, 0.56, 0.57, 0.58, 0.6, 0.61, 0.62, 0.63, 0.64, 0.66, 0.67, 0.68, 0.69, 0.7, 0.71, 0.71, 0.71, 0.72, 0.73, 0.74, 0.75, 0.75, 0.76, 0.77, 0.78, 0.79, 0.79, 0.8, 0.81, 0.82, 0.82, 0.83, 0.83, 0.84, 0.84, 0.85, 0.86, 0.86, 0.87, 0.87, 0.88, 0.88, 0.89, 0.89, 0.9, 0.9, 0.9, 0.91, 0.91, 0.92, 0.92, 0.93, 0.93, 0.93, 0.93, 0.94, 0.94, 0.95, 0.95, 0.96, 0.96, 0.96, 0.96, 0.97, 0.97, 0.97, 0.98, 0.98, 0.98, 0.98, 0.99, 0.99, 0.99, 0.99, 1.0, 1.0, 1.0]
grid std ranking:         [0.02, 0.02, 0.03, 0.04, 0.04, 0.04, 0.04, 0.05, 0.05, 0.05, 0.05, 0.05, 0.05, 0.05, 0.06, 0.06, 0.05, 0.05, 0.05, 0.05, 0.05, 0.04, 0.05, 0.04, 0.04, 0.04, 0.04, 0.04, 0.04, 0.04, 0.04, 0.04, 0.05, 0.04, 0.04, 0.05, 0.05, 0.05, 0.05, 0.05, 0.05, 0.05, 0.05, 0.05, 0.04, 0.05, 0.04, 0.05, 0.04, 0.04, 0.04, 0.04, 0.04, 0.03, 0.03, 0.03, 0.03, 0.03, 0.03, 0.03, 0.03, 0.03, 0.03, 0.03, 0.03, 0.03, 0.03, 0.03, 0.03, 0.03, 0.03, 0.02, 0.02, 0.02, 0.02, 0.02, 0.02, 0.02, 0.02, 0.02, 0.02, 0.02, 0.02, 0.02, 0.02, 0.02, 0.02, 0.02, 0.02, 0.01, 0.02, 0.01, 0.01, 0.01, 0.01, 0.01, 0.01, 0.01, 0.0, 0.0]
grid G mean tp,fp,tn,fn:    [51.75, 232.55, 667.45, 48.25]
grid G std tp,fp,tn,fn:     [7.99, 71.31, 71.31, 7.99]


name_of_experiment:         experiment 1_5_1: grid, neural_distance=multiply
file_name:                  siamese_cnn_image.pyc
date:                       07/08/2017   14:01:42
duration:                   1139.239209
grid mean tp,fp,tn,fn:    [21.75, 386.9, 9513.1, 78.25]
grid std tp,fp,tn,fn:     [5.58, 73.83, 73.83, 5.58]
grid detection rate (TP/(TP+FN)):      0.2175
grid false alarm (FP/(FP+TN)):        0.0390808080808
grid mean ranking:        [0.08, 0.14, 0.19, 0.23, 0.27, 0.3, 0.33, 0.35, 0.37, 0.4, 0.43, 0.45, 0.47, 0.49, 0.5, 0.51, 0.53, 0.54, 0.56, 0.57, 0.58, 0.6, 0.61, 0.62, 0.64, 0.65, 0.66, 0.67, 0.68, 0.69, 0.7, 0.71, 0.72, 0.72, 0.73, 0.74, 0.74, 0.75, 0.76, 0.77, 0.77, 0.78, 0.79, 0.79, 0.8, 0.81, 0.81, 0.82, 0.83, 0.84, 0.84, 0.84, 0.85, 0.86, 0.86, 0.87, 0.87, 0.88, 0.88, 0.89, 0.89, 0.9, 0.9, 0.91, 0.91, 0.92, 0.92, 0.92, 0.93, 0.93, 0.94, 0.94, 0.94, 0.95, 0.95, 0.95, 0.96, 0.96, 0.96, 0.97, 0.97, 0.97, 0.98, 0.98, 0.98, 0.98, 0.98, 0.98, 0.98, 0.99, 0.99, 0.99, 0.99, 0.99, 0.99, 1.0, 1.0, 1.0, 1.0, 1.0]
grid std ranking:         [0.03, 0.04, 0.04, 0.04, 0.04, 0.05, 0.05, 0.06, 0.05, 0.06, 0.06, 0.07, 0.07, 0.07, 0.07, 0.07, 0.07, 0.07, 0.07, 0.06, 0.06, 0.07, 0.07, 0.07, 0.07, 0.07, 0.06, 0.07, 0.07, 0.07, 0.07, 0.07, 0.07, 0.07, 0.07, 0.07, 0.07, 0.06, 0.06, 0.06, 0.06, 0.06, 0.06, 0.06, 0.05, 0.05, 0.05, 0.05, 0.05, 0.05, 0.05, 0.05, 0.05, 0.05, 0.05, 0.05, 0.04, 0.04, 0.04, 0.04, 0.04, 0.04, 0.04, 0.04, 0.04, 0.04, 0.04, 0.04, 0.04, 0.03, 0.03, 0.03, 0.03, 0.03, 0.03, 0.03, 0.03, 0.02, 0.02, 0.02, 0.02, 0.02, 0.02, 0.01, 0.01, 0.01, 0.01, 0.01, 0.01, 0.01, 0.01, 0.01, 0.01, 0.01, 0.01, 0.01, 0.0, 0.0, 0.0, 0.0]
grid G mean tp,fp,tn,fn:    [21.75, 40.1, 859.9, 78.25]
grid G std tp,fp,tn,fn:     [5.58, 13.53, 13.53, 5.58]


name_of_experiment:         experiment 10_0_0: video_head_type=3d_convolution on ilids, no batchnorm
file_name:                  siamese_cnn_video.pyc
date:                       09/08/2017   05:41:42
duration:                   46700.849983
ilids-vid mean tp,fp,tn,fn:    [15.0, 62.6, 807.4, 15.0]
ilids-vid std tp,fp,tn,fn:     [8.15, 41.44, 41.44, 8.15]
ilids-vid detection rate (TP/(TP+FN)):      0.5
ilids-vid false alarm (FP/(FP+TN)):        0.0719540229885
ilids-vid mean ranking:        [0.43, 0.54, 0.62, 0.65, 0.67, 0.71, 0.74, 0.75, 0.77, 0.81, 0.82, 0.84, 0.86, 0.87, 0.89, 0.9, 0.91, 0.91, 0.92, 0.93, 0.95, 0.95, 0.96, 0.97, 0.97, 0.99, 0.99, 0.99, 0.99, 1.0]
ilids-vid std ranking:         [0.1, 0.13, 0.13, 0.15, 0.16, 0.18, 0.19, 0.19, 0.17, 0.17, 0.18, 0.15, 0.17, 0.15, 0.14, 0.14, 0.14, 0.14, 0.13, 0.12, 0.09, 0.09, 0.08, 0.07, 0.05, 0.03, 0.01, 0.01, 0.01, 0.0]
ilids-vid G mean tp,fp,tn,fn:    [15.0, 21.6, 248.4, 15.0]
ilids-vid G std tp,fp,tn,fn:     [8.15, 17.33, 17.33, 8.15]


name_of_experiment:         experiment 10_2_1: video_head_type=cnn_lstm on prid2011
file_name:                  siamese_cnn_video.pyc
date:                       10/08/2017   22:37:29
duration:                   23797.511447
prid2011 mean tp,fp,tn,fn:    [14.4, 45.4, 824.6, 15.6]
prid2011 std tp,fp,tn,fn:     [2.33, 20.22, 20.22, 2.33]
prid2011 detection rate (TP/(TP+FN)):      0.48
prid2011 false alarm (FP/(FP+TN)):        0.052183908046
prid2011 mean ranking:        [0.39, 0.54, 0.62, 0.68, 0.7, 0.72, 0.76, 0.79, 0.81, 0.83, 0.85, 0.86, 0.87, 0.87, 0.89, 0.89, 0.92, 0.93, 0.93, 0.95, 0.95, 0.95, 0.95, 0.97, 0.97, 0.97, 0.98, 0.98, 1.0, 1.0]
prid2011 std ranking:         [0.16, 0.12, 0.1, 0.12, 0.12, 0.12, 0.11, 0.11, 0.1, 0.11, 0.11, 0.12, 0.12, 0.12, 0.11, 0.1, 0.08, 0.07, 0.07, 0.05, 0.05, 0.05, 0.05, 0.04, 0.04, 0.04, 0.03, 0.03, 0.0, 0.0]
prid2011 G mean tp,fp,tn,fn:    [14.4, 12.4, 257.6, 15.6]
prid2011 G std tp,fp,tn,fn:     [2.33, 4.67, 4.67, 2.33]


name_of_experiment:         experiment 5_2_0: test=viper, train=[grid, prid450], with batchnorm
file_name:                  siamese_cnn_image.pyc
date:                       14/08/2017   11:29:51
duration:                   5490.765621
viper mean tp,fp,tn,fn:    [30.4, 461.1, 9438.9, 69.6]
viper std tp,fp,tn,fn:     [6.51, 193.96, 193.96, 6.51]
viper detection rate (TP/(TP+FN)):      0.304
viper false alarm (FP/(FP+TN)):        0.0465757575758
viper mean ranking:        [0.12, 0.21, 0.27, 0.33, 0.38, 0.42, 0.46, 0.49, 0.53, 0.55, 0.58, 0.61, 0.63, 0.65, 0.67, 0.68, 0.7, 0.71, 0.72, 0.74, 0.75, 0.77, 0.78, 0.79, 0.8, 0.81, 0.82, 0.83, 0.84, 0.85, 0.86, 0.86, 0.87, 0.88, 0.88, 0.89, 0.9, 0.9, 0.91, 0.91, 0.92, 0.92, 0.92, 0.93, 0.93, 0.93, 0.94, 0.94, 0.94, 0.95, 0.95, 0.95, 0.95, 0.96, 0.96, 0.96, 0.96, 0.97, 0.97, 0.97, 0.97, 0.98, 0.98, 0.98, 0.98, 0.98, 0.98, 0.98, 0.99, 0.99, 0.99, 0.99, 0.99, 0.99, 0.99, 0.99, 0.99, 1.0, 1.0, 1.0, 1.0, 1.0, 1.0, 1.0, 1.0, 1.0, 1.0, 1.0, 1.0, 1.0, 1.0, 1.0, 1.0, 1.0, 1.0, 1.0, 1.0, 1.0, 1.0, 1.0]
viper std ranking:         [0.03, 0.05, 0.06, 0.06, 0.07, 0.07, 0.08, 0.09, 0.09, 0.09, 0.09, 0.09, 0.09, 0.09, 0.09, 0.1, 0.1, 0.1, 0.09, 0.1, 0.09, 0.09, 0.09, 0.09, 0.09, 0.08, 0.08, 0.07, 0.07, 0.07, 0.07, 0.06, 0.06, 0.06, 0.06, 0.06, 0.06, 0.06, 0.06, 0.06, 0.06, 0.06, 0.05, 0.05, 0.05, 0.05, 0.05, 0.05, 0.05, 0.04, 0.04, 0.04, 0.04, 0.03, 0.04, 0.04, 0.04, 0.03, 0.03, 0.03, 0.03, 0.03, 0.02, 0.02, 0.02, 0.02, 0.02, 0.02, 0.01, 0.01, 0.01, 0.01, 0.01, 0.01, 0.01, 0.01, 0.01, 0.01, 0.01, 0.01, 0.01, 0.01, 0.0, 0.0, 0.0, 0.0, 0.0, 0.0, 0.0, 0.0, 0.0, 0.0, 0.0, 0.0, 0.0, 0.0, 0.0, 0.0, 0.0, 0.0]
viper G mean tp,fp,tn,fn:    [30.4, 38.7, 861.3, 69.6]
viper G std tp,fp,tn,fn:     [6.51, 14.39, 14.39, 6.51]


name_of_experiment:         experiment 5_2_1: test=grid, train=[viper, prid450], with batchnorm
file_name:                  siamese_cnn_image.pyc
date:                       14/08/2017   13:01:55
duration:                   5521.386207
grid mean tp,fp,tn,fn:    [38.85, 365.0, 9535.0, 61.15]
grid std tp,fp,tn,fn:     [9.24, 125.22, 125.22, 9.24]
grid detection rate (TP/(TP+FN)):      0.3885
grid false alarm (FP/(FP+TN)):        0.0368686868687
grid mean ranking:        [0.19, 0.3, 0.39, 0.44, 0.49, 0.54, 0.57, 0.61, 0.64, 0.67, 0.69, 0.71, 0.74, 0.75, 0.77, 0.79, 0.8, 0.81, 0.83, 0.84, 0.85, 0.86, 0.87, 0.88, 0.89, 0.89, 0.9, 0.9, 0.91, 0.91, 0.92, 0.92, 0.93, 0.93, 0.93, 0.94, 0.94, 0.94, 0.95, 0.95, 0.96, 0.96, 0.96, 0.96, 0.96, 0.97, 0.97, 0.97, 0.97, 0.97, 0.97, 0.98, 0.98, 0.98, 0.98, 0.98, 0.98, 0.98, 0.98, 0.98, 0.98, 0.99, 0.99, 0.99, 0.99, 0.99, 0.99, 0.99, 0.99, 0.99, 0.99, 0.99, 0.99, 0.99, 0.99, 0.99, 0.99, 0.99, 1.0, 1.0, 1.0, 1.0, 1.0, 1.0, 1.0, 1.0, 1.0, 1.0, 1.0, 1.0, 1.0, 1.0, 1.0, 1.0, 1.0, 1.0, 1.0, 1.0, 1.0, 1.0]
grid std ranking:         [0.05, 0.06, 0.06, 0.07, 0.08, 0.07, 0.07, 0.07, 0.07, 0.07, 0.07, 0.06, 0.05, 0.05, 0.05, 0.05, 0.05, 0.04, 0.04, 0.04, 0.03, 0.03, 0.03, 0.03, 0.03, 0.03, 0.02, 0.02, 0.02, 0.02, 0.02, 0.02, 0.02, 0.02, 0.02, 0.02, 0.02, 0.02, 0.02, 0.02, 0.02, 0.01, 0.01, 0.02, 0.01, 0.01, 0.01, 0.01, 0.01, 0.01, 0.01, 0.01, 0.01, 0.01, 0.01, 0.01, 0.01, 0.01, 0.01, 0.01, 0.01, 0.01, 0.01, 0.01, 0.01, 0.01, 0.01, 0.01, 0.01, 0.01, 0.01, 0.01, 0.01, 0.01, 0.01, 0.01, 0.01, 0.01, 0.01, 0.01, 0.01, 0.01, 0.01, 0.0, 0.0, 0.0, 0.0, 0.0, 0.0, 0.0, 0.0, 0.0, 0.0, 0.0, 0.0, 0.0, 0.0, 0.0, 0.0, 0.0]
grid G mean tp,fp,tn,fn:    [38.85, 31.05, 868.95, 61.15]
grid G std tp,fp,tn,fn:     [9.24, 13.7, 13.7, 9.24]


name_of_experiment:         experiment 5_2_2: test=prid450, train=[viper, grid], with batchnorm
file_name:                  siamese_cnn_image.pyc
date:                       14/08/2017   14:33:16
duration:                   5479.868368
prid450 mean tp,fp,tn,fn:    [38.9, 542.75, 9357.25, 61.1]
prid450 std tp,fp,tn,fn:     [11.34, 289.75, 289.75, 11.34]
prid450 detection rate (TP/(TP+FN)):      0.389
prid450 false alarm (FP/(FP+TN)):        0.0548232323232
prid450 mean ranking:        [0.18, 0.28, 0.35, 0.41, 0.46, 0.5, 0.53, 0.56, 0.58, 0.61, 0.63, 0.65, 0.67, 0.68, 0.7, 0.72, 0.73, 0.75, 0.77, 0.78, 0.79, 0.8, 0.81, 0.82, 0.83, 0.83, 0.84, 0.85, 0.86, 0.87, 0.87, 0.88, 0.89, 0.89, 0.9, 0.9, 0.9, 0.91, 0.92, 0.92, 0.92, 0.93, 0.93, 0.93, 0.94, 0.94, 0.94, 0.95, 0.95, 0.95, 0.96, 0.96, 0.96, 0.96, 0.97, 0.97, 0.97, 0.97, 0.98, 0.98, 0.98, 0.98, 0.98, 0.98, 0.99, 0.99, 0.99, 0.99, 0.99, 0.99, 0.99, 0.99, 0.99, 0.99, 0.99, 1.0, 1.0, 1.0, 1.0, 1.0, 1.0, 1.0, 1.0, 1.0, 1.0, 1.0, 1.0, 1.0, 1.0, 1.0, 1.0, 1.0, 1.0, 1.0, 1.0, 1.0, 1.0, 1.0, 1.0, 1.0]
prid450 std ranking:         [0.04, 0.06, 0.06, 0.06, 0.06, 0.07, 0.07, 0.06, 0.07, 0.07, 0.07, 0.07, 0.07, 0.07, 0.07, 0.07, 0.07, 0.06, 0.07, 0.07, 0.07, 0.07, 0.06, 0.06, 0.05, 0.05, 0.05, 0.05, 0.04, 0.04, 0.04, 0.04, 0.04, 0.03, 0.03, 0.03, 0.03, 0.03, 0.03, 0.03, 0.03, 0.03, 0.03, 0.03, 0.03, 0.03, 0.02, 0.02, 0.02, 0.02, 0.02, 0.02, 0.02, 0.02, 0.02, 0.02, 0.02, 0.01, 0.01, 0.01, 0.01, 0.01, 0.01, 0.01, 0.01, 0.01, 0.01, 0.01, 0.01, 0.01, 0.01, 0.01, 0.01, 0.01, 0.01, 0.01, 0.01, 0.01, 0.01, 0.01, 0.0, 0.0, 0.0, 0.0, 0.0, 0.0, 0.0, 0.0, 0.0, 0.0, 0.0, 0.0, 0.0, 0.0, 0.0, 0.0, 0.0, 0.0, 0.0, 0.0]
prid450 G mean tp,fp,tn,fn:    [38.9, 58.0, 842.0, 61.1]
prid450 G std tp,fp,tn,fn:     [11.34, 31.18, 31.18, 11.34]


name_of_experiment:         experiment 9_4: train only then save on each dataset [viper, prid450]. load, retrain and test=grid
file_name:                  experiments_thesis.py
date:                       14/08/2017   16:12:40
duration:                   852.024907
grid mean tp,fp,tn,fn:    [0.13, 0.22, 0.29, 0.35, 0.39, 0.43, 0.47, 0.5, 0.53, 0.56, 0.59, 0.62, 0.65, 0.67, 0.69, 0.71, 0.73, 0.74, 0.75, 0.76, 0.78, 0.79, 0.8, 0.81, 0.82, 0.82, 0.83, 0.84, 0.85, 0.86, 0.87, 0.88, 0.88, 0.89, 0.89, 0.9, 0.9, 0.91, 0.91, 0.91, 0.92, 0.92, 0.93, 0.93, 0.93, 0.94, 0.94, 0.95, 0.95, 0.95, 0.96, 0.96, 0.96, 0.96, 0.96, 0.97, 0.97, 0.97, 0.97, 0.97, 0.97, 0.98, 0.98, 0.98, 0.98, 0.98, 0.98, 0.98, 0.98, 0.99, 0.99, 0.99, 0.99, 0.99, 0.99, 0.99, 0.99, 0.99, 0.99, 0.99, 1.0, 1.0, 1.0, 1.0, 1.0, 1.0, 1.0, 1.0, 1.0, 1.0, 1.0, 1.0, 1.0, 1.0, 1.0, 1.0, 1.0, 1.0, 1.0, 1.0]
grid std tp,fp,tn,fn:     [0.04, 0.05, 0.05, 0.05, 0.06, 0.07, 0.07, 0.06, 0.06, 0.07, 0.06, 0.07, 0.07, 0.07, 0.07, 0.07, 0.07, 0.06, 0.06, 0.06, 0.06, 0.05, 0.05, 0.05, 0.05, 0.05, 0.05, 0.04, 0.04, 0.04, 0.04, 0.04, 0.04, 0.04, 0.04, 0.04, 0.03, 0.03, 0.03, 0.03, 0.03, 0.03, 0.03, 0.03, 0.02, 0.02, 0.02, 0.02, 0.02, 0.02, 0.02, 0.02, 0.02, 0.02, 0.02, 0.02, 0.02, 0.02, 0.02, 0.02, 0.02, 0.01, 0.01, 0.01, 0.01, 0.01, 0.01, 0.01, 0.01, 0.01, 0.01, 0.01, 0.01, 0.01, 0.01, 0.01, 0.01, 0.01, 0.01, 0.01, 0.01, 0.01, 0.0, 0.0, 0.0, 0.0, 0.0, 0.0, 0.0, 0.0, 0.0, 0.0, 0.0, 0.0, 0.0, 0.0, 0.0, 0.0, 0.0, 0.0]
grid detection rate (TP/(TP+FN)):      0.269271383316
grid false alarm (FP/(FP+TN)):        0.432245301682
grid mean ranking:        [18.45, 245.4, 9654.6, 81.55]
grid std ranking:         [9.93, 192.31, 192.31, 9.93]


name_of_experiment:         experiment 5_3_0: test=viper, train=[grid, prid450], with batchnorm, neural_d=concatenate
file_name:                  siamese_cnn_image.pyc
date:                       15/08/2017   14:27:33
duration:                   7031.708935
viper mean tp,fp,tn,fn:    [53.95, 1506.1, 8393.9, 46.05]
viper std tp,fp,tn,fn:     [10.5, 317.71, 317.71, 10.5]
viper detection rate (TP/(TP+FN)):      0.5395
viper false alarm (FP/(FP+TN)):        0.152131313131
viper mean ranking:        [0.09, 0.16, 0.22, 0.27, 0.31, 0.35, 0.38, 0.4, 0.43, 0.45, 0.47, 0.5, 0.52, 0.54, 0.56, 0.58, 0.59, 0.61, 0.63, 0.64, 0.66, 0.68, 0.68, 0.7, 0.71, 0.72, 0.73, 0.75, 0.75, 0.76, 0.77, 0.78, 0.79, 0.8, 0.81, 0.81, 0.82, 0.82, 0.83, 0.84, 0.84, 0.85, 0.85, 0.86, 0.87, 0.87, 0.88, 0.88, 0.89, 0.89, 0.9, 0.91, 0.91, 0.92, 0.92, 0.93, 0.93, 0.94, 0.94, 0.94, 0.95, 0.95, 0.95, 0.96, 0.96, 0.96, 0.96, 0.97, 0.97, 0.97, 0.97, 0.98, 0.98, 0.98, 0.98, 0.98, 0.98, 0.99, 0.99, 0.99, 0.99, 0.99, 0.99, 0.99, 0.99, 0.99, 0.99, 1.0, 1.0, 1.0, 1.0, 1.0, 1.0, 1.0, 1.0, 1.0, 1.0, 1.0, 1.0, 1.0]
viper std ranking:         [0.04, 0.05, 0.06, 0.06, 0.07, 0.08, 0.09, 0.09, 0.09, 0.09, 0.09, 0.1, 0.09, 0.09, 0.1, 0.1, 0.1, 0.1, 0.1, 0.1, 0.1, 0.1, 0.1, 0.09, 0.09, 0.09, 0.09, 0.09, 0.09, 0.09, 0.09, 0.08, 0.08, 0.08, 0.08, 0.07, 0.07, 0.07, 0.07, 0.07, 0.07, 0.07, 0.07, 0.07, 0.07, 0.06, 0.06, 0.06, 0.06, 0.06, 0.06, 0.05, 0.04, 0.04, 0.04, 0.04, 0.04, 0.03, 0.03, 0.03, 0.03, 0.03, 0.03, 0.03, 0.03, 0.03, 0.03, 0.02, 0.02, 0.02, 0.02, 0.02, 0.02, 0.02, 0.01, 0.01, 0.01, 0.01, 0.01, 0.01, 0.01, 0.01, 0.01, 0.01, 0.01, 0.01, 0.01, 0.01, 0.0, 0.0, 0.0, 0.0, 0.0, 0.0, 0.0, 0.0, 0.0, 0.0, 0.0, 0.0]
viper G mean tp,fp,tn,fn:    [53.95, 143.35, 756.65, 46.05]
viper G std tp,fp,tn,fn:     [10.5, 46.35, 46.35, 10.5]


name_of_experiment:         experiment 5_3_1: test=grid, train=[viper, prid450], with batchnorm, neural_d=concatenate
file_name:                  siamese_cnn_image.pyc
date:                       15/08/2017   16:27:39
duration:                   7202.398158
grid mean tp,fp,tn,fn:    [64.25, 1060.05, 8839.95, 35.75]
grid std tp,fp,tn,fn:     [7.95, 246.49, 246.49, 7.95]
grid detection rate (TP/(TP+FN)):      0.6425
grid false alarm (FP/(FP+TN)):        0.107075757576
grid mean ranking:        [0.14, 0.25, 0.32, 0.38, 0.43, 0.48, 0.51, 0.54, 0.58, 0.61, 0.64, 0.66, 0.68, 0.7, 0.72, 0.74, 0.76, 0.77, 0.79, 0.8, 0.81, 0.82, 0.84, 0.85, 0.86, 0.87, 0.87, 0.88, 0.89, 0.9, 0.9, 0.91, 0.92, 0.92, 0.93, 0.93, 0.93, 0.94, 0.94, 0.94, 0.95, 0.95, 0.95, 0.96, 0.96, 0.96, 0.97, 0.97, 0.97, 0.97, 0.97, 0.98, 0.98, 0.98, 0.98, 0.98, 0.98, 0.98, 0.98, 0.99, 0.99, 0.99, 0.99, 0.99, 0.99, 0.99, 0.99, 0.99, 0.99, 0.99, 0.99, 0.99, 0.99, 0.99, 1.0, 1.0, 1.0, 1.0, 1.0, 1.0, 1.0, 1.0, 1.0, 1.0, 1.0, 1.0, 1.0, 1.0, 1.0, 1.0, 1.0, 1.0, 1.0, 1.0, 1.0, 1.0, 1.0, 1.0, 1.0, 1.0]
grid std ranking:         [0.05, 0.06, 0.07, 0.08, 0.07, 0.08, 0.07, 0.07, 0.07, 0.07, 0.07, 0.07, 0.07, 0.08, 0.08, 0.07, 0.07, 0.07, 0.06, 0.06, 0.05, 0.05, 0.05, 0.05, 0.04, 0.04, 0.04, 0.04, 0.03, 0.03, 0.03, 0.03, 0.03, 0.03, 0.03, 0.03, 0.02, 0.02, 0.02, 0.02, 0.02, 0.02, 0.02, 0.02, 0.02, 0.02, 0.02, 0.01, 0.01, 0.01, 0.01, 0.01, 0.01, 0.01, 0.01, 0.01, 0.01, 0.01, 0.01, 0.01, 0.01, 0.01, 0.01, 0.01, 0.01, 0.01, 0.01, 0.01, 0.01, 0.01, 0.01, 0.01, 0.01, 0.01, 0.0, 0.0, 0.0, 0.0, 0.0, 0.0, 0.0, 0.0, 0.0, 0.0, 0.0, 0.0, 0.0, 0.0, 0.0, 0.0, 0.0, 0.0, 0.0, 0.0, 0.0, 0.0, 0.0, 0.0, 0.0, 0.0]
grid G mean tp,fp,tn,fn:    [64.25, 99.65, 800.35, 35.75]
grid G std tp,fp,tn,fn:     [7.95, 23.72, 23.72, 7.95]


name_of_experiment:         experiment 5_3_2: test=prid450, train=[viper, grid], with batchnorm, neural_d=concatenate
file_name:                  siamese_cnn_image.pyc
date:                       15/08/2017   18:29:32
duration:                   7309.405510
prid450 mean tp,fp,tn,fn:    [60.5, 1579.25, 8320.75, 39.5]
prid450 std tp,fp,tn,fn:     [8.94, 352.31, 352.31, 8.94]
prid450 detection rate (TP/(TP+FN)):      0.605
prid450 false alarm (FP/(FP+TN)):        0.15952020202
prid450 mean ranking:        [0.13, 0.2, 0.25, 0.3, 0.35, 0.38, 0.41, 0.44, 0.46, 0.49, 0.51, 0.54, 0.55, 0.57, 0.59, 0.61, 0.62, 0.64, 0.66, 0.68, 0.69, 0.71, 0.73, 0.74, 0.75, 0.76, 0.77, 0.78, 0.79, 0.81, 0.81, 0.82, 0.83, 0.84, 0.85, 0.86, 0.86, 0.87, 0.88, 0.88, 0.89, 0.9, 0.9, 0.91, 0.91, 0.92, 0.92, 0.92, 0.93, 0.93, 0.94, 0.94, 0.94, 0.95, 0.95, 0.95, 0.95, 0.96, 0.96, 0.96, 0.96, 0.97, 0.97, 0.97, 0.98, 0.98, 0.98, 0.98, 0.99, 0.99, 0.99, 0.99, 0.99, 0.99, 0.99, 0.99, 0.99, 0.99, 0.99, 1.0, 1.0, 1.0, 1.0, 1.0, 1.0, 1.0, 1.0, 1.0, 1.0, 1.0, 1.0, 1.0, 1.0, 1.0, 1.0, 1.0, 1.0, 1.0, 1.0, 1.0]
prid450 std ranking:         [0.03, 0.05, 0.06, 0.06, 0.07, 0.06, 0.06, 0.06, 0.07, 0.07, 0.06, 0.06, 0.06, 0.06, 0.06, 0.06, 0.06, 0.05, 0.06, 0.06, 0.05, 0.05, 0.05, 0.05, 0.05, 0.05, 0.05, 0.05, 0.05, 0.04, 0.04, 0.04, 0.04, 0.04, 0.03, 0.03, 0.03, 0.03, 0.03, 0.03, 0.03, 0.03, 0.03, 0.03, 0.03, 0.02, 0.02, 0.02, 0.02, 0.02, 0.02, 0.02, 0.02, 0.02, 0.02, 0.02, 0.02, 0.02, 0.02, 0.02, 0.01, 0.02, 0.02, 0.02, 0.01, 0.01, 0.01, 0.01, 0.01, 0.01, 0.01, 0.01, 0.01, 0.01, 0.01, 0.01, 0.01, 0.01, 0.01, 0.01, 0.01, 0.01, 0.01, 0.01, 0.01, 0.01, 0.01, 0.01, 0.01, 0.01, 0.01, 0.0, 0.0, 0.0, 0.0, 0.0, 0.0, 0.0, 0.0, 0.0]
prid450 G mean tp,fp,tn,fn:    [60.5, 143.2, 756.8, 39.5]
prid450 G std tp,fp,tn,fn:     [8.94, 34.6, 34.6, 8.94]

