euclidean
viper,244.5, 12343.9, 87196.1, 71.5
grid,31.6, 413.5, 15086.5, 93.4
prid450,177.8, 8359.6, 42040.4, 47.2
caviar,1.3, 8.1, 1251.9, 34.7

cosine
viper,196.8, 20489.5, 79050.5, 119.2
grid,102.5, 7453.4, 8046.6, 22.5
prid450,92.1, 16198.2, 34201.8, 132.9
caviar,13.6, 522.3, 737.7, 22.4

normal
viper,157.7, 1701.2, 97838.8, 158.3
grid,43.3, 77.7, 15422.3, 81.7
prid450,142.9, 583.1, 49816.9, 82.1
caviar,0.4, 11.5, 1248.5, 35.6

selu + alphadropout=0.1
viper,149.6, 1223.6, 98316.4, 166.4
grid,56.7, 143.0, 15357.0, 68.3
prid450,124.5, 546.4, 49853.6, 100.5
caviar,1.4, 29.8, 1230.2, 34.6

selu + alphadropout=0.1 + no batchnorm
viper,187.3, 1923.7, 97616.3, 128.7
grid,66.6, 218.0, 15282.0, 58.4
prid450,130.5, 1771.9, 48628.1, 94.5
caviar,2.1, 19.6, 1240.4, 33.9