
name_of_experiment:         experiment 15_0_0: priming on viper. epoch=5. CLR w same min max vals 
file_name:                  running_experiments_2.py
date:                       23/08/2017   14:22:56
duration:                   764.497218
viper base mean tp,fp,tn,fn:    [151.0, 19912.0, 79628.0, 165.0]
viper base std tp,fp,tn,fn:     [0.0, 0.0, 0.0, 0.0]
viper base detection rate (TP/(TP+FN)):      0.477848101266
viper base false alarm (FP/(FP+TN)):        0.20004018485
viper base mean ranking:        [0.02, 0.04, 0.07, 0.08, 0.08, 0.08, 0.09, 0.1, 0.11, 0.12, 0.14, 0.15, 0.16, 0.17, 0.18, 0.19, 0.2, 0.2, 0.22, 0.24, 0.25, 0.25, 0.25, 0.26, 0.28, 0.29, 0.3, 0.31, 0.32, 0.33, 0.34, 0.34, 0.34, 0.36, 0.37, 0.37, 0.38, 0.38, 0.39, 0.39, 0.4, 0.41, 0.42, 0.42, 0.42, 0.43, 0.43, 0.43, 0.44, 0.44, 0.44, 0.44, 0.45, 0.45, 0.45, 0.46, 0.47, 0.47, 0.48, 0.48, 0.48, 0.49, 0.49, 0.5, 0.51, 0.51, 0.51, 0.51, 0.51, 0.52, 0.52, 0.53, 0.54, 0.55, 0.55, 0.55, 0.56, 0.56, 0.57, 0.57, 0.58, 0.58, 0.59, 0.59, 0.6, 0.6, 0.61, 0.61, 0.62, 0.63, 0.64, 0.64, 0.64, 0.65, 0.65, 0.65, 0.66, 0.67, 0.67, 0.68, 0.68, 0.68, 0.68, 0.68, 0.68, 0.69, 0.69, 0.69, 0.69, 0.7, 0.71, 0.71, 0.72, 0.72, 0.72, 0.72, 0.73, 0.74, 0.74, 0.74, 0.74, 0.74, 0.74, 0.74, 0.74, 0.74, 0.74, 0.74, 0.75, 0.75, 0.76, 0.76, 0.76, 0.76, 0.76, 0.76, 0.76, 0.76, 0.76, 0.76, 0.77, 0.77, 0.78, 0.78, 0.78, 0.79, 0.79, 0.79, 0.79, 0.79, 0.8, 0.8, 0.8, 0.81, 0.81, 0.81, 0.81, 0.81, 0.81, 0.81, 0.82, 0.82, 0.83, 0.83, 0.83, 0.83, 0.83, 0.83, 0.83, 0.83, 0.83, 0.83, 0.83, 0.84, 0.84, 0.84, 0.85, 0.85, 0.85, 0.85, 0.85, 0.85, 0.85, 0.86, 0.86, 0.86, 0.86, 0.87, 0.87, 0.87, 0.87, 0.87, 0.87, 0.88, 0.88, 0.88, 0.88, 0.88, 0.88, 0.89, 0.9, 0.9, 0.9, 0.9, 0.9, 0.9, 0.9, 0.9, 0.9, 0.9, 0.9, 0.91, 0.91, 0.91, 0.91, 0.91, 0.92, 0.92, 0.92, 0.92, 0.92, 0.92, 0.92, 0.92, 0.92, 0.93, 0.93, 0.93, 0.93, 0.94, 0.94, 0.94, 0.94, 0.94, 0.94, 0.94, 0.94, 0.94, 0.94, 0.95, 0.95, 0.95, 0.95, 0.95, 0.96, 0.96, 0.97, 0.97, 0.97, 0.97, 0.97, 0.97, 0.97, 0.97, 0.97, 0.97, 0.98, 0.98, 0.98, 0.98, 0.98, 0.98, 0.98, 0.98, 0.98, 0.98, 0.98, 0.99, 0.99, 0.99, 0.99, 0.99, 0.99, 0.99, 0.99, 0.99, 0.99, 0.99, 0.99, 0.99, 0.99, 0.99, 0.99, 0.99, 0.99, 0.99, 0.99, 0.99, 0.99, 0.99, 0.99, 1.0, 1.0, 1.0, 1.0, 1.0, 1.0, 1.0, 1.0, 1.0, 1.0, 1.0, 1.0, 1.0, 1.0, 1.0, 1.0, 1.0, 1.0, 1.0, 1.0, 1.0, 1.0, 1.0, 1.0, 1.0]
viper base std ranking:         [0.0, 0.0, 0.0, 0.0, 0.0, 0.0, 0.0, 0.0, 0.0, 0.0, 0.0, 0.0, 0.0, 0.0, 0.0, 0.0, 0.0, 0.0, 0.0, 0.0, 0.0, 0.0, 0.0, 0.0, 0.0, 0.0, 0.0, 0.0, 0.0, 0.0, 0.0, 0.0, 0.0, 0.0, 0.0, 0.0, 0.0, 0.0, 0.0, 0.0, 0.0, 0.0, 0.0, 0.0, 0.0, 0.0, 0.0, 0.0, 0.0, 0.0, 0.0, 0.0, 0.0, 0.0, 0.0, 0.0, 0.0, 0.0, 0.0, 0.0, 0.0, 0.0, 0.0, 0.0, 0.0, 0.0, 0.0, 0.0, 0.0, 0.0, 0.0, 0.0, 0.0, 0.0, 0.0, 0.0, 0.0, 0.0, 0.0, 0.0, 0.0, 0.0, 0.0, 0.0, 0.0, 0.0, 0.0, 0.0, 0.0, 0.0, 0.0, 0.0, 0.0, 0.0, 0.0, 0.0, 0.0, 0.0, 0.0, 0.0, 0.0, 0.0, 0.0, 0.0, 0.0, 0.0, 0.0, 0.0, 0.0, 0.0, 0.0, 0.0, 0.0, 0.0, 0.0, 0.0, 0.0, 0.0, 0.0, 0.0, 0.0, 0.0, 0.0, 0.0, 0.0, 0.0, 0.0, 0.0, 0.0, 0.0, 0.0, 0.0, 0.0, 0.0, 0.0, 0.0, 0.0, 0.0, 0.0, 0.0, 0.0, 0.0, 0.0, 0.0, 0.0, 0.0, 0.0, 0.0, 0.0, 0.0, 0.0, 0.0, 0.0, 0.0, 0.0, 0.0, 0.0, 0.0, 0.0, 0.0, 0.0, 0.0, 0.0, 0.0, 0.0, 0.0, 0.0, 0.0, 0.0, 0.0, 0.0, 0.0, 0.0, 0.0, 0.0, 0.0, 0.0, 0.0, 0.0, 0.0, 0.0, 0.0, 0.0, 0.0, 0.0, 0.0, 0.0, 0.0, 0.0, 0.0, 0.0, 0.0, 0.0, 0.0, 0.0, 0.0, 0.0, 0.0, 0.0, 0.0, 0.0, 0.0, 0.0, 0.0, 0.0, 0.0, 0.0, 0.0, 0.0, 0.0, 0.0, 0.0, 0.0, 0.0, 0.0, 0.0, 0.0, 0.0, 0.0, 0.0, 0.0, 0.0, 0.0, 0.0, 0.0, 0.0, 0.0, 0.0, 0.0, 0.0, 0.0, 0.0, 0.0, 0.0, 0.0, 0.0, 0.0, 0.0, 0.0, 0.0, 0.0, 0.0, 0.0, 0.0, 0.0, 0.0, 0.0, 0.0, 0.0, 0.0, 0.0, 0.0, 0.0, 0.0, 0.0, 0.0, 0.0, 0.0, 0.0, 0.0, 0.0, 0.0, 0.0, 0.0, 0.0, 0.0, 0.0, 0.0, 0.0, 0.0, 0.0, 0.0, 0.0, 0.0, 0.0, 0.0, 0.0, 0.0, 0.0, 0.0, 0.0, 0.0, 0.0, 0.0, 0.0, 0.0, 0.0, 0.0, 0.0, 0.0, 0.0, 0.0, 0.0, 0.0, 0.0, 0.0, 0.0, 0.0, 0.0, 0.0, 0.0, 0.0, 0.0, 0.0, 0.0, 0.0, 0.0, 0.0, 0.0, 0.0, 0.0, 0.0, 0.0, 0.0, 0.0, 0.0]
viper primed mean tp,fp,tn,fn:    [158.0, 39354.0, 60186.0, 158.0]
viper primed std tp,fp,tn,fn:     [0.0, 0.0, 0.0, 0.0]
viper primed detection rate (TP/(TP+FN)):      0.5
viper primed false alarm (FP/(FP+TN)):        0.395358649789
viper primed mean ranking:        [0.01, 0.01, 0.01, 0.03, 0.03, 0.05, 0.05, 0.07, 0.07, 0.08, 0.08, 0.08, 0.09, 0.09, 0.09, 0.09, 0.09, 0.09, 0.1, 0.11, 0.12, 0.13, 0.14, 0.15, 0.15, 0.15, 0.17, 0.17, 0.19, 0.19, 0.2, 0.2, 0.21, 0.21, 0.22, 0.22, 0.23, 0.24, 0.24, 0.25, 0.25, 0.26, 0.27, 0.27, 0.28, 0.28, 0.28, 0.29, 0.29, 0.3, 0.3, 0.31, 0.32, 0.32, 0.32, 0.32, 0.33, 0.33, 0.33, 0.34, 0.34, 0.35, 0.35, 0.35, 0.36, 0.36, 0.36, 0.36, 0.36, 0.37, 0.37, 0.37, 0.38, 0.38, 0.39, 0.39, 0.39, 0.4, 0.4, 0.4, 0.4, 0.41, 0.41, 0.42, 0.42, 0.42, 0.42, 0.42, 0.43, 0.44, 0.45, 0.45, 0.45, 0.45, 0.45, 0.45, 0.46, 0.46, 0.46, 0.47, 0.47, 0.47, 0.47, 0.47, 0.47, 0.48, 0.48, 0.48, 0.48, 0.48, 0.49, 0.49, 0.5, 0.5, 0.5, 0.5, 0.5, 0.5, 0.51, 0.51, 0.51, 0.53, 0.53, 0.54, 0.54, 0.54, 0.54, 0.55, 0.55, 0.55, 0.55, 0.55, 0.55, 0.56, 0.56, 0.57, 0.57, 0.57, 0.57, 0.57, 0.58, 0.58, 0.58, 0.58, 0.58, 0.59, 0.59, 0.59, 0.59, 0.6, 0.6, 0.6, 0.6, 0.6, 0.61, 0.62, 0.62, 0.63, 0.63, 0.63, 0.64, 0.64, 0.65, 0.65, 0.65, 0.65, 0.65, 0.65, 0.66, 0.66, 0.66, 0.66, 0.66, 0.66, 0.66, 0.67, 0.67, 0.67, 0.68, 0.69, 0.69, 0.7, 0.7, 0.7, 0.7, 0.7, 0.71, 0.71, 0.71, 0.71, 0.71, 0.72, 0.72, 0.72, 0.72, 0.72, 0.72, 0.73, 0.74, 0.74, 0.75, 0.75, 0.76, 0.76, 0.76, 0.76, 0.76, 0.77, 0.77, 0.77, 0.77, 0.78, 0.78, 0.78, 0.78, 0.78, 0.78, 0.78, 0.78, 0.78, 0.79, 0.79, 0.79, 0.79, 0.79, 0.79, 0.79, 0.79, 0.79, 0.8, 0.8, 0.8, 0.8, 0.8, 0.8, 0.81, 0.81, 0.81, 0.82, 0.82, 0.82, 0.83, 0.83, 0.83, 0.83, 0.83, 0.84, 0.84, 0.85, 0.85, 0.85, 0.85, 0.85, 0.86, 0.86, 0.86, 0.86, 0.86, 0.86, 0.86, 0.86, 0.87, 0.87, 0.88, 0.9, 0.9, 0.9, 0.9, 0.91, 0.91, 0.92, 0.92, 0.92, 0.92, 0.92, 0.92, 0.92, 0.93, 0.93, 0.93, 0.94, 0.94, 0.94, 0.94, 0.95, 0.95, 0.95, 0.96, 0.96, 0.96, 0.96, 0.96, 0.96, 0.97, 0.97, 0.97, 0.97, 0.97, 0.97, 0.97, 0.97, 0.97, 0.97, 0.97, 0.98, 0.98, 0.98, 0.99, 0.99, 0.99, 0.99, 0.99, 0.99, 1.0, 1.0, 1.0]
viper primed std ranking:         [0.0, 0.0, 0.0, 0.0, 0.0, 0.0, 0.0, 0.0, 0.0, 0.0, 0.0, 0.0, 0.0, 0.0, 0.0, 0.0, 0.0, 0.0, 0.0, 0.0, 0.0, 0.0, 0.0, 0.0, 0.0, 0.0, 0.0, 0.0, 0.0, 0.0, 0.0, 0.0, 0.0, 0.0, 0.0, 0.0, 0.0, 0.0, 0.0, 0.0, 0.0, 0.0, 0.0, 0.0, 0.0, 0.0, 0.0, 0.0, 0.0, 0.0, 0.0, 0.0, 0.0, 0.0, 0.0, 0.0, 0.0, 0.0, 0.0, 0.0, 0.0, 0.0, 0.0, 0.0, 0.0, 0.0, 0.0, 0.0, 0.0, 0.0, 0.0, 0.0, 0.0, 0.0, 0.0, 0.0, 0.0, 0.0, 0.0, 0.0, 0.0, 0.0, 0.0, 0.0, 0.0, 0.0, 0.0, 0.0, 0.0, 0.0, 0.0, 0.0, 0.0, 0.0, 0.0, 0.0, 0.0, 0.0, 0.0, 0.0, 0.0, 0.0, 0.0, 0.0, 0.0, 0.0, 0.0, 0.0, 0.0, 0.0, 0.0, 0.0, 0.0, 0.0, 0.0, 0.0, 0.0, 0.0, 0.0, 0.0, 0.0, 0.0, 0.0, 0.0, 0.0, 0.0, 0.0, 0.0, 0.0, 0.0, 0.0, 0.0, 0.0, 0.0, 0.0, 0.0, 0.0, 0.0, 0.0, 0.0, 0.0, 0.0, 0.0, 0.0, 0.0, 0.0, 0.0, 0.0, 0.0, 0.0, 0.0, 0.0, 0.0, 0.0, 0.0, 0.0, 0.0, 0.0, 0.0, 0.0, 0.0, 0.0, 0.0, 0.0, 0.0, 0.0, 0.0, 0.0, 0.0, 0.0, 0.0, 0.0, 0.0, 0.0, 0.0, 0.0, 0.0, 0.0, 0.0, 0.0, 0.0, 0.0, 0.0, 0.0, 0.0, 0.0, 0.0, 0.0, 0.0, 0.0, 0.0, 0.0, 0.0, 0.0, 0.0, 0.0, 0.0, 0.0, 0.0, 0.0, 0.0, 0.0, 0.0, 0.0, 0.0, 0.0, 0.0, 0.0, 0.0, 0.0, 0.0, 0.0, 0.0, 0.0, 0.0, 0.0, 0.0, 0.0, 0.0, 0.0, 0.0, 0.0, 0.0, 0.0, 0.0, 0.0, 0.0, 0.0, 0.0, 0.0, 0.0, 0.0, 0.0, 0.0, 0.0, 0.0, 0.0, 0.0, 0.0, 0.0, 0.0, 0.0, 0.0, 0.0, 0.0, 0.0, 0.0, 0.0, 0.0, 0.0, 0.0, 0.0, 0.0, 0.0, 0.0, 0.0, 0.0, 0.0, 0.0, 0.0, 0.0, 0.0, 0.0, 0.0, 0.0, 0.0, 0.0, 0.0, 0.0, 0.0, 0.0, 0.0, 0.0, 0.0, 0.0, 0.0, 0.0, 0.0, 0.0, 0.0, 0.0, 0.0, 0.0, 0.0, 0.0, 0.0, 0.0, 0.0, 0.0, 0.0, 0.0, 0.0, 0.0, 0.0, 0.0, 0.0, 0.0, 0.0, 0.0, 0.0, 0.0, 0.0, 0.0, 0.0, 0.0, 0.0, 0.0, 0.0, 0.0, 0.0, 0.0, 0.0, 0.0, 0.0, 0.0, 0.0]


name_of_experiment:         experiment 23_2_0: market, neural_distance=concatenate
file_name:                  siamese_cnn_image.pyc
date:                       25/08/2017   01:55:39
duration:                   19520.180335
market mean tp,fp,tn,fn:    [80.2, 473.7, 9426.3, 19.8]
market std tp,fp,tn,fn:     [5.83, 62.65, 62.65, 5.83]
market detection rate (TP/(TP+FN)):      0.802
market false alarm (FP/(FP+TN)):        0.0478484848485
market mean ranking:        [0.39, 0.57, 0.67, 0.74, 0.78, 0.81, 0.84, 0.86, 0.89, 0.9, 0.91, 0.92, 0.93, 0.93, 0.94, 0.94, 0.95, 0.95, 0.95, 0.96, 0.96, 0.96, 0.97, 0.97, 0.97, 0.98, 0.98, 0.98, 0.98, 0.98, 0.98, 0.99, 0.99, 0.99, 0.99, 0.99, 0.99, 0.99, 0.99, 0.99, 0.99, 0.99, 0.99, 0.99, 0.99, 1.0, 1.0, 1.0, 1.0, 1.0, 1.0, 1.0, 1.0, 1.0, 1.0, 1.0, 1.0, 1.0, 1.0, 1.0, 1.0, 1.0, 1.0, 1.0, 1.0, 1.0, 1.0, 1.0, 1.0, 1.0, 1.0, 1.0, 1.0, 1.0, 1.0, 1.0, 1.0, 1.0, 1.0, 1.0, 1.0, 1.0, 1.0, 1.0, 1.0, 1.0, 1.0, 1.0, 1.0, 1.0, 1.0, 1.0, 1.0, 1.0, 1.0, 1.0, 1.0, 1.0, 1.0, 1.0]
market std ranking:         [0.05, 0.06, 0.07, 0.06, 0.06, 0.05, 0.04, 0.04, 0.04, 0.03, 0.03, 0.03, 0.03, 0.03, 0.03, 0.03, 0.03, 0.03, 0.03, 0.03, 0.03, 0.03, 0.02, 0.02, 0.02, 0.02, 0.01, 0.01, 0.01, 0.01, 0.01, 0.01, 0.01, 0.01, 0.01, 0.01, 0.01, 0.01, 0.01, 0.01, 0.01, 0.01, 0.01, 0.01, 0.01, 0.01, 0.01, 0.01, 0.01, 0.01, 0.01, 0.01, 0.01, 0.01, 0.01, 0.01, 0.01, 0.0, 0.0, 0.0, 0.0, 0.0, 0.0, 0.0, 0.0, 0.0, 0.0, 0.0, 0.0, 0.0, 0.0, 0.0, 0.0, 0.0, 0.0, 0.0, 0.0, 0.0, 0.0, 0.0, 0.0, 0.0, 0.0, 0.0, 0.0, 0.0, 0.0, 0.0, 0.0, 0.0, 0.0, 0.0, 0.0, 0.0, 0.0, 0.0, 0.0, 0.0, 0.0, 0.0]
market G mean tp,fp,tn,fn:    [80.2, 45.1, 854.9, 19.8]
market G std tp,fp,tn,fn:     [5.83, 8.31, 8.31, 5.83]


name_of_experiment:         experiment 23_2_1: cuhk02, neural_distance=concatenate
file_name:                  siamese_cnn_image.pyc
date:                       25/08/2017   07:25:39
duration:                   19794.534317
cuhk02 mean tp,fp,tn,fn:    [76.1, 652.5, 9247.5, 23.9]
cuhk02 std tp,fp,tn,fn:     [3.91, 66.6, 66.6, 3.91]
cuhk02 detection rate (TP/(TP+FN)):      0.761
cuhk02 false alarm (FP/(FP+TN)):        0.0659090909091
cuhk02 mean ranking:        [0.35, 0.52, 0.6, 0.66, 0.71, 0.74, 0.76, 0.79, 0.81, 0.83, 0.85, 0.86, 0.87, 0.88, 0.89, 0.9, 0.91, 0.91, 0.92, 0.93, 0.93, 0.94, 0.94, 0.94, 0.94, 0.95, 0.95, 0.95, 0.95, 0.96, 0.96, 0.96, 0.96, 0.96, 0.97, 0.97, 0.97, 0.97, 0.97, 0.97, 0.97, 0.97, 0.97, 0.98, 0.98, 0.98, 0.98, 0.98, 0.98, 0.98, 0.98, 0.98, 0.98, 0.98, 0.98, 0.98, 0.99, 0.99, 0.99, 0.99, 0.99, 0.99, 0.99, 0.99, 0.99, 0.99, 0.99, 0.99, 0.99, 0.99, 1.0, 1.0, 1.0, 1.0, 1.0, 1.0, 1.0, 1.0, 1.0, 1.0, 1.0, 1.0, 1.0, 1.0, 1.0, 1.0, 1.0, 1.0, 1.0, 1.0, 1.0, 1.0, 1.0, 1.0, 1.0, 1.0, 1.0, 1.0, 1.0, 1.0]
cuhk02 std ranking:         [0.05, 0.03, 0.04, 0.04, 0.03, 0.03, 0.03, 0.04, 0.04, 0.04, 0.04, 0.04, 0.04, 0.04, 0.04, 0.03, 0.03, 0.03, 0.03, 0.03, 0.03, 0.03, 0.03, 0.03, 0.03, 0.02, 0.02, 0.03, 0.02, 0.02, 0.02, 0.02, 0.02, 0.02, 0.02, 0.02, 0.02, 0.02, 0.02, 0.02, 0.02, 0.02, 0.02, 0.02, 0.02, 0.02, 0.02, 0.02, 0.02, 0.01, 0.01, 0.01, 0.01, 0.01, 0.01, 0.01, 0.01, 0.01, 0.01, 0.01, 0.01, 0.01, 0.01, 0.01, 0.01, 0.01, 0.01, 0.01, 0.01, 0.01, 0.01, 0.01, 0.01, 0.01, 0.01, 0.01, 0.01, 0.01, 0.01, 0.01, 0.01, 0.01, 0.01, 0.01, 0.01, 0.01, 0.01, 0.0, 0.0, 0.0, 0.0, 0.0, 0.0, 0.0, 0.0, 0.0, 0.0, 0.0, 0.0, 0.0]
cuhk02 G mean tp,fp,tn,fn:    [76.1, 48.8, 851.2, 23.9]
cuhk02 G std tp,fp,tn,fn:     [3.91, 11.83, 11.83, 3.91]


name_of_experiment:         experiment 23_2_2: market, neural_distance=absolute
file_name:                  siamese_cnn_image.pyc
date:                       25/08/2017   13:00:09
duration:                   20064.425661
market mean tp,fp,tn,fn:    [67.3, 294.1, 9605.9, 32.7]
market std tp,fp,tn,fn:     [7.31, 71.97, 71.97, 7.31]
market detection rate (TP/(TP+FN)):      0.673
market false alarm (FP/(FP+TN)):        0.0297070707071
market mean ranking:        [0.41, 0.59, 0.68, 0.75, 0.78, 0.81, 0.84, 0.86, 0.87, 0.89, 0.9, 0.91, 0.91, 0.92, 0.93, 0.93, 0.94, 0.94, 0.95, 0.96, 0.96, 0.96, 0.96, 0.97, 0.97, 0.97, 0.97, 0.97, 0.98, 0.98, 0.98, 0.98, 0.98, 0.98, 0.98, 0.98, 0.98, 0.98, 0.98, 0.98, 0.98, 0.98, 0.98, 0.98, 0.99, 0.99, 0.99, 0.99, 0.99, 0.99, 0.99, 0.99, 0.99, 0.99, 0.99, 0.99, 0.99, 0.99, 0.99, 0.99, 0.99, 0.99, 0.99, 0.99, 0.99, 0.99, 0.99, 0.99, 0.99, 0.99, 1.0, 1.0, 1.0, 1.0, 1.0, 1.0, 1.0, 1.0, 1.0, 1.0, 1.0, 1.0, 1.0, 1.0, 1.0, 1.0, 1.0, 1.0, 1.0, 1.0, 1.0, 1.0, 1.0, 1.0, 1.0, 1.0, 1.0, 1.0, 1.0, 1.0]
market std ranking:         [0.06, 0.05, 0.05, 0.05, 0.04, 0.04, 0.04, 0.04, 0.04, 0.03, 0.03, 0.03, 0.04, 0.03, 0.03, 0.03, 0.03, 0.03, 0.02, 0.02, 0.02, 0.02, 0.02, 0.02, 0.02, 0.02, 0.02, 0.02, 0.02, 0.02, 0.02, 0.02, 0.02, 0.01, 0.01, 0.01, 0.01, 0.01, 0.01, 0.01, 0.01, 0.01, 0.01, 0.01, 0.01, 0.01, 0.01, 0.01, 0.01, 0.01, 0.01, 0.01, 0.01, 0.01, 0.01, 0.01, 0.01, 0.01, 0.01, 0.01, 0.01, 0.01, 0.01, 0.01, 0.01, 0.01, 0.01, 0.01, 0.01, 0.01, 0.0, 0.0, 0.0, 0.0, 0.0, 0.0, 0.0, 0.0, 0.0, 0.0, 0.0, 0.0, 0.0, 0.0, 0.0, 0.0, 0.0, 0.0, 0.0, 0.0, 0.0, 0.0, 0.0, 0.0, 0.0, 0.0, 0.0, 0.0, 0.0, 0.0]
market G mean tp,fp,tn,fn:    [67.3, 27.4, 872.6, 32.7]
market G std tp,fp,tn,fn:     [7.31, 10.74, 10.74, 7.31]


name_of_experiment:         ex_31_0: viper data augment + euclidean
file_name:                  siamese_cnn_image.pyce
date:                       29/08/2017   22:50:17
duration:                   15907.369412
viper_augmented mean tp,fp,tn,fn:    [75.4, 848.1, 9051.9, 24.6]
viper_augmented std tp,fp,tn,fn:     [7.86, 344.66, 344.66, 7.86]
viper_augmented detection rate (TP/(TP+FN)):      0.754
viper_augmented false alarm (FP/(FP+TN)):        0.0856666666667
viper_augmented mean ranking:        [0.54, 0.61, 0.65, 0.68, 0.7, 0.73, 0.75, 0.77, 0.79, 0.8, 0.82, 0.83, 0.85, 0.86, 0.86, 0.87, 0.88, 0.89, 0.89, 0.9, 0.9, 0.91, 0.91, 0.92, 0.92, 0.92, 0.93, 0.93, 0.93, 0.93, 0.93, 0.94, 0.94, 0.94, 0.95, 0.95, 0.95, 0.95, 0.95, 0.95, 0.96, 0.96, 0.96, 0.96, 0.96, 0.96, 0.96, 0.97, 0.97, 0.97, 0.97, 0.97, 0.97, 0.97, 0.97, 0.98, 0.98, 0.98, 0.98, 0.98, 0.98, 0.98, 0.98, 0.98, 0.99, 0.99, 0.99, 0.99, 0.99, 0.99, 0.99, 0.99, 0.99, 0.99, 0.99, 0.99, 0.99, 0.99, 0.99, 0.99, 0.99, 1.0, 1.0, 1.0, 1.0, 1.0, 1.0, 1.0, 1.0, 1.0, 1.0, 1.0, 1.0, 1.0, 1.0, 1.0, 1.0, 1.0, 1.0, 1.0]
viper_augmented std ranking:         [0.06, 0.05, 0.06, 0.07, 0.07, 0.07, 0.08, 0.09, 0.09, 0.09, 0.1, 0.1, 0.09, 0.09, 0.09, 0.09, 0.09, 0.08, 0.09, 0.08, 0.09, 0.08, 0.08, 0.08, 0.08, 0.07, 0.08, 0.08, 0.08, 0.07, 0.07, 0.07, 0.07, 0.07, 0.07, 0.07, 0.06, 0.06, 0.06, 0.06, 0.06, 0.06, 0.06, 0.06, 0.06, 0.05, 0.05, 0.05, 0.05, 0.05, 0.05, 0.05, 0.04, 0.04, 0.04, 0.04, 0.04, 0.04, 0.04, 0.03, 0.03, 0.03, 0.03, 0.03, 0.02, 0.02, 0.02, 0.02, 0.02, 0.02, 0.02, 0.01, 0.01, 0.01, 0.01, 0.01, 0.01, 0.01, 0.01, 0.01, 0.01, 0.01, 0.01, 0.01, 0.01, 0.01, 0.0, 0.0, 0.0, 0.0, 0.0, 0.0, 0.0, 0.0, 0.0, 0.0, 0.0, 0.0, 0.0, 0.0]
viper_augmented G mean tp,fp,tn,fn:    [75.4, 77.0, 823.0, 24.6]
viper_augmented G std tp,fp,tn,fn:     [7.86, 35.0, 35.0, 7.86]


name_of_experiment:         ex_31_1: grid data augment + euclidean
file_name:                  siamese_cnn_image.pyc
date:                       29/08/2017   23:51:51
duration:                   3688.924946
grid_augmented mean tp,fp,tn,fn:    [74.8, 386.7, 9513.3, 25.2]
grid_augmented std tp,fp,tn,fn:     [3.66, 59.08, 59.08, 3.66]
grid_augmented detection rate (TP/(TP+FN)):      0.748
grid_augmented false alarm (FP/(FP+TN)):        0.0390606060606
grid_augmented mean ranking:        [0.58, 0.66, 0.7, 0.74, 0.77, 0.79, 0.81, 0.83, 0.85, 0.86, 0.87, 0.88, 0.89, 0.9, 0.9, 0.91, 0.92, 0.92, 0.92, 0.93, 0.93, 0.93, 0.93, 0.94, 0.94, 0.94, 0.94, 0.94, 0.94, 0.95, 0.95, 0.95, 0.95, 0.96, 0.96, 0.96, 0.96, 0.96, 0.96, 0.96, 0.96, 0.97, 0.97, 0.97, 0.97, 0.97, 0.97, 0.98, 0.98, 0.98, 0.98, 0.98, 0.98, 0.98, 0.98, 0.98, 0.98, 0.98, 0.98, 0.99, 0.99, 0.99, 0.99, 0.99, 0.99, 0.99, 0.99, 0.99, 0.99, 0.99, 0.99, 0.99, 0.99, 1.0, 1.0, 1.0, 1.0, 1.0, 1.0, 1.0, 1.0, 1.0, 1.0, 1.0, 1.0, 1.0, 1.0, 1.0, 1.0, 1.0, 1.0, 1.0, 1.0, 1.0, 1.0, 1.0, 1.0, 1.0, 1.0, 1.0]
grid_augmented std ranking:         [0.04, 0.04, 0.04, 0.05, 0.04, 0.04, 0.04, 0.04, 0.04, 0.03, 0.03, 0.02, 0.03, 0.03, 0.02, 0.02, 0.02, 0.02, 0.02, 0.02, 0.02, 0.02, 0.02, 0.01, 0.01, 0.01, 0.01, 0.01, 0.02, 0.02, 0.02, 0.01, 0.01, 0.01, 0.01, 0.01, 0.01, 0.01, 0.01, 0.02, 0.02, 0.01, 0.01, 0.01, 0.01, 0.01, 0.01, 0.01, 0.01, 0.01, 0.01, 0.01, 0.01, 0.01, 0.01, 0.01, 0.01, 0.01, 0.01, 0.01, 0.01, 0.01, 0.01, 0.01, 0.01, 0.01, 0.01, 0.01, 0.01, 0.01, 0.01, 0.01, 0.01, 0.01, 0.01, 0.01, 0.01, 0.01, 0.01, 0.01, 0.01, 0.0, 0.0, 0.0, 0.0, 0.0, 0.0, 0.0, 0.0, 0.0, 0.0, 0.0, 0.0, 0.0, 0.0, 0.0, 0.0, 0.0, 0.0, 0.0]
grid_augmented G mean tp,fp,tn,fn:    [74.8, 37.4, 862.6, 25.2]
grid_augmented G std tp,fp,tn,fn:     [3.66, 14.88, 14.88, 3.66]


name_of_experiment:         ex_31_2: prid450 data augment + euclidean
file_name:                  siamese_cnn_image.pyc
date:                       30/08/2017   02:29:55
duration:                   9478.731602
prid450_augmented mean tp,fp,tn,fn:    [75.1, 364.1, 9535.9, 24.9]
prid450_augmented std tp,fp,tn,fn:     [7.08, 108.52, 108.52, 7.08]
prid450_augmented detection rate (TP/(TP+FN)):      0.751
prid450_augmented false alarm (FP/(FP+TN)):        0.0367777777778
prid450_augmented mean ranking:        [0.6, 0.69, 0.73, 0.77, 0.79, 0.81, 0.83, 0.85, 0.86, 0.87, 0.88, 0.88, 0.89, 0.9, 0.91, 0.91, 0.92, 0.92, 0.93, 0.93, 0.94, 0.94, 0.94, 0.94, 0.95, 0.95, 0.96, 0.96, 0.96, 0.96, 0.97, 0.97, 0.97, 0.97, 0.97, 0.97, 0.97, 0.97, 0.98, 0.98, 0.98, 0.98, 0.98, 0.98, 0.98, 0.98, 0.98, 0.98, 0.98, 0.98, 0.98, 0.98, 0.98, 0.98, 0.99, 0.99, 0.99, 0.99, 0.99, 0.99, 0.99, 0.99, 0.99, 0.99, 0.99, 0.99, 0.99, 0.99, 1.0, 1.0, 1.0, 1.0, 1.0, 1.0, 1.0, 1.0, 1.0, 1.0, 1.0, 1.0, 1.0, 1.0, 1.0, 1.0, 1.0, 1.0, 1.0, 1.0, 1.0, 1.0, 1.0, 1.0, 1.0, 1.0, 1.0, 1.0, 1.0, 1.0, 1.0, 1.0]
prid450_augmented std ranking:         [0.07, 0.08, 0.07, 0.07, 0.07, 0.07, 0.07, 0.06, 0.06, 0.05, 0.05, 0.05, 0.05, 0.04, 0.04, 0.04, 0.03, 0.03, 0.03, 0.03, 0.03, 0.03, 0.03, 0.03, 0.03, 0.03, 0.03, 0.03, 0.02, 0.02, 0.03, 0.03, 0.02, 0.02, 0.02, 0.02, 0.02, 0.02, 0.02, 0.02, 0.02, 0.02, 0.02, 0.02, 0.02, 0.02, 0.01, 0.01, 0.01, 0.01, 0.01, 0.01, 0.01, 0.01, 0.01, 0.01, 0.01, 0.01, 0.01, 0.01, 0.01, 0.01, 0.01, 0.01, 0.01, 0.01, 0.01, 0.01, 0.01, 0.0, 0.0, 0.0, 0.0, 0.0, 0.0, 0.0, 0.0, 0.0, 0.0, 0.0, 0.0, 0.0, 0.0, 0.0, 0.0, 0.0, 0.0, 0.0, 0.0, 0.0, 0.0, 0.0, 0.0, 0.0, 0.0, 0.0, 0.0, 0.0, 0.0, 0.0]
prid450_augmented G mean tp,fp,tn,fn:    [75.1, 35.1, 864.9, 24.9]
prid450_augmented G std tp,fp,tn,fn:     [7.08, 14.0, 14.0, 7.08]


name_of_experiment:         ex_31_3: viper data augment + euclidean
file_name:                  siamese_cnn_image.pyc
date:                       30/08/2017   05:04:10
duration:                   9250.839457
viper_augmented mean tp,fp,tn,fn:    [226.7, 6663.7, 92876.3, 89.3]
viper_augmented std tp,fp,tn,fn:     [18.08, 1314.29, 1314.29, 18.08]
viper_augmented detection rate (TP/(TP+FN)):      0.717405063291
viper_augmented false alarm (FP/(FP+TN)):        0.0669449467551
viper_augmented mean ranking:        [0.5, 0.55, 0.57, 0.59, 0.6, 0.62, 0.63, 0.64, 0.66, 0.67, 0.68, 0.69, 0.69, 0.7, 0.71, 0.71, 0.72, 0.73, 0.73, 0.74, 0.74, 0.75, 0.75, 0.76, 0.76, 0.76, 0.77, 0.77, 0.78, 0.78, 0.78, 0.79, 0.79, 0.8, 0.8, 0.8, 0.81, 0.81, 0.81, 0.81, 0.82, 0.82, 0.82, 0.82, 0.82, 0.83, 0.83, 0.84, 0.84, 0.84, 0.84, 0.84, 0.85, 0.85, 0.85, 0.85, 0.86, 0.86, 0.86, 0.86, 0.86, 0.86, 0.87, 0.87, 0.87, 0.87, 0.87, 0.88, 0.88, 0.88, 0.88, 0.88, 0.89, 0.89, 0.89, 0.89, 0.89, 0.89, 0.9, 0.9, 0.9, 0.9, 0.9, 0.9, 0.91, 0.91, 0.91, 0.91, 0.91, 0.91, 0.91, 0.91, 0.91, 0.92, 0.92, 0.92, 0.92, 0.92, 0.92, 0.92, 0.92, 0.93, 0.93, 0.93, 0.93, 0.93, 0.93, 0.93, 0.93, 0.93, 0.93, 0.93, 0.93, 0.93, 0.93, 0.93, 0.94, 0.94, 0.94, 0.94, 0.94, 0.94, 0.94, 0.94, 0.95, 0.95, 0.95, 0.95, 0.95, 0.95, 0.95, 0.95, 0.95, 0.95, 0.95, 0.95, 0.95, 0.95, 0.96, 0.96, 0.96, 0.96, 0.96, 0.96, 0.96, 0.96, 0.96, 0.96, 0.96, 0.96, 0.96, 0.96, 0.96, 0.96, 0.96, 0.96, 0.96, 0.97, 0.97, 0.97, 0.97, 0.97, 0.97, 0.97, 0.97, 0.97, 0.97, 0.97, 0.97, 0.97, 0.97, 0.97, 0.97, 0.97, 0.97, 0.97, 0.97, 0.97, 0.97, 0.97, 0.98, 0.98, 0.98, 0.98, 0.98, 0.98, 0.98, 0.98, 0.98, 0.98, 0.98, 0.98, 0.98, 0.98, 0.98, 0.98, 0.98, 0.98, 0.98, 0.98, 0.98, 0.98, 0.98, 0.98, 0.98, 0.98, 0.98, 0.98, 0.98, 0.98, 0.98, 0.98, 0.98, 0.98, 0.98, 0.98, 0.98, 0.98, 0.98, 0.98, 0.98, 0.98, 0.99, 0.99, 0.99, 0.99, 0.99, 0.99, 0.99, 0.99, 0.99, 0.99, 0.99, 0.99, 0.99, 0.99, 0.99, 0.99, 0.99, 0.99, 0.99, 0.99, 0.99, 0.99, 0.99, 0.99, 0.99, 0.99, 0.99, 0.99, 0.99, 0.99, 0.99, 0.99, 0.99, 0.99, 0.99, 0.99, 0.99, 0.99, 0.99, 0.99, 0.99, 0.99, 0.99, 0.99, 0.99, 0.99, 0.99, 1.0, 1.0, 1.0, 1.0, 1.0, 1.0, 1.0, 1.0, 1.0, 1.0, 1.0, 1.0, 1.0, 1.0, 1.0, 1.0, 1.0, 1.0, 1.0, 1.0, 1.0, 1.0, 1.0, 1.0, 1.0, 1.0, 1.0, 1.0, 1.0, 1.0, 1.0, 1.0, 1.0, 1.0, 1.0, 1.0, 1.0, 1.0, 1.0, 1.0, 1.0, 1.0, 1.0, 1.0, 1.0, 1.0, 1.0]
viper_augmented std ranking:         [0.04, 0.04, 0.05, 0.04, 0.04, 0.05, 0.05, 0.04, 0.04, 0.05, 0.04, 0.05, 0.04, 0.05, 0.05, 0.04, 0.04, 0.05, 0.04, 0.04, 0.04, 0.04, 0.04, 0.05, 0.04, 0.04, 0.04, 0.04, 0.04, 0.04, 0.04, 0.04, 0.04, 0.04, 0.04, 0.04, 0.04, 0.04, 0.04, 0.04, 0.04, 0.04, 0.04, 0.04, 0.04, 0.04, 0.04, 0.04, 0.04, 0.04, 0.04, 0.04, 0.04, 0.04, 0.04, 0.04, 0.04, 0.04, 0.03, 0.03, 0.04, 0.03, 0.04, 0.03, 0.03, 0.03, 0.03, 0.03, 0.03, 0.03, 0.03, 0.03, 0.03, 0.03, 0.03, 0.03, 0.03, 0.03, 0.03, 0.03, 0.03, 0.03, 0.03, 0.03, 0.03, 0.03, 0.03, 0.03, 0.03, 0.03, 0.03, 0.03, 0.03, 0.02, 0.02, 0.03, 0.03, 0.03, 0.03, 0.02, 0.02, 0.02, 0.02, 0.02, 0.02, 0.02, 0.02, 0.03, 0.03, 0.03, 0.03, 0.03, 0.03, 0.02, 0.02, 0.02, 0.02, 0.02, 0.02, 0.02, 0.02, 0.02, 0.02, 0.02, 0.02, 0.02, 0.02, 0.02, 0.02, 0.02, 0.02, 0.02, 0.02, 0.02, 0.02, 0.02, 0.02, 0.02, 0.02, 0.02, 0.02, 0.02, 0.02, 0.02, 0.02, 0.02, 0.02, 0.02, 0.02, 0.02, 0.02, 0.02, 0.02, 0.02, 0.02, 0.02, 0.02, 0.02, 0.02, 0.02, 0.02, 0.02, 0.02, 0.02, 0.02, 0.02, 0.02, 0.02, 0.02, 0.02, 0.02, 0.02, 0.01, 0.01, 0.01, 0.01, 0.01, 0.01, 0.01, 0.01, 0.01, 0.01, 0.01, 0.01, 0.01, 0.01, 0.01, 0.01, 0.01, 0.01, 0.01, 0.01, 0.01, 0.01, 0.01, 0.01, 0.01, 0.01, 0.01, 0.01, 0.01, 0.01, 0.01, 0.01, 0.01, 0.01, 0.01, 0.01, 0.01, 0.01, 0.01, 0.01, 0.01, 0.01, 0.01, 0.01, 0.01, 0.01, 0.01, 0.01, 0.01, 0.01, 0.01, 0.01, 0.01, 0.01, 0.01, 0.01, 0.01, 0.01, 0.01, 0.01, 0.01, 0.01, 0.01, 0.01, 0.01, 0.01, 0.01, 0.01, 0.01, 0.01, 0.01, 0.01, 0.01, 0.01, 0.01, 0.01, 0.01, 0.01, 0.01, 0.01, 0.01, 0.01, 0.01, 0.01, 0.01, 0.01, 0.01, 0.01, 0.01, 0.01, 0.01, 0.01, 0.01, 0.01, 0.01, 0.01, 0.01, 0.01, 0.01, 0.01, 0.01, 0.01, 0.0, 0.0, 0.0, 0.0, 0.0, 0.0, 0.0, 0.0, 0.0, 0.0, 0.0, 0.0, 0.0, 0.0, 0.0, 0.0, 0.0, 0.0, 0.0, 0.0, 0.0, 0.0, 0.0, 0.0, 0.0, 0.0, 0.0, 0.0, 0.0, 0.0, 0.0, 0.0, 0.0, 0.0, 0.0, 0.0, 0.0, 0.0, 0.0, 0.0, 0.0, 0.0]
viper_augmented G mean tp,fp,tn,fn:    [226.7, 176.1, 2667.9, 89.3]
viper_augmented G std tp,fp,tn,fn:     [18.08, 54.09, 54.09, 18.08]


name_of_experiment:         ex_31_4: grid data augment + euclidean
file_name:                  siamese_cnn_image.pyc
date:                       30/08/2017   05:54:45
duration:                   3030.926555
grid_augmented mean tp,fp,tn,fn:    [93.4, 658.6, 14841.4, 31.6]
grid_augmented std tp,fp,tn,fn:     [4.05, 115.78, 115.78, 4.05]
grid_augmented detection rate (TP/(TP+FN)):      0.7472
grid_augmented false alarm (FP/(FP+TN)):        0.0424903225806
grid_augmented mean ranking:        [0.56, 0.62, 0.68, 0.72, 0.74, 0.76, 0.78, 0.8, 0.81, 0.82, 0.83, 0.84, 0.85, 0.85, 0.86, 0.87, 0.88, 0.88, 0.89, 0.89, 0.9, 0.91, 0.91, 0.91, 0.92, 0.92, 0.92, 0.93, 0.93, 0.93, 0.94, 0.94, 0.95, 0.95, 0.95, 0.95, 0.95, 0.96, 0.96, 0.96, 0.96, 0.96, 0.96, 0.97, 0.97, 0.97, 0.97, 0.98, 0.98, 0.98, 0.98, 0.98, 0.98, 0.98, 0.98, 0.98, 0.98, 0.98, 0.98, 0.98, 0.98, 0.98, 0.99, 0.99, 0.99, 0.99, 0.99, 0.99, 0.99, 0.99, 0.99, 0.99, 0.99, 0.99, 0.99, 0.99, 0.99, 0.99, 0.99, 0.99, 0.99, 0.99, 0.99, 0.99, 1.0, 1.0, 1.0, 1.0, 1.0, 1.0, 1.0, 1.0, 1.0, 1.0, 1.0, 1.0, 1.0, 1.0, 1.0, 1.0, 1.0, 1.0, 1.0, 1.0, 1.0, 1.0, 1.0, 1.0, 1.0, 1.0, 1.0, 1.0, 1.0, 1.0, 1.0, 1.0, 1.0, 1.0, 1.0, 1.0, 1.0, 1.0, 1.0, 1.0, 1.0]
grid_augmented std ranking:         [0.05, 0.05, 0.04, 0.04, 0.04, 0.04, 0.04, 0.03, 0.03, 0.03, 0.03, 0.04, 0.04, 0.03, 0.03, 0.03, 0.03, 0.03, 0.03, 0.03, 0.03, 0.03, 0.03, 0.03, 0.03, 0.03, 0.03, 0.03, 0.03, 0.03, 0.03, 0.03, 0.02, 0.03, 0.02, 0.02, 0.02, 0.02, 0.02, 0.02, 0.02, 0.02, 0.02, 0.02, 0.02, 0.02, 0.02, 0.02, 0.02, 0.02, 0.01, 0.01, 0.01, 0.01, 0.01, 0.01, 0.01, 0.02, 0.02, 0.02, 0.02, 0.01, 0.01, 0.01, 0.01, 0.01, 0.01, 0.01, 0.01, 0.01, 0.01, 0.01, 0.01, 0.01, 0.01, 0.01, 0.01, 0.01, 0.01, 0.01, 0.01, 0.01, 0.01, 0.01, 0.01, 0.01, 0.01, 0.01, 0.01, 0.01, 0.01, 0.01, 0.01, 0.01, 0.01, 0.01, 0.01, 0.01, 0.01, 0.01, 0.01, 0.01, 0.01, 0.01, 0.01, 0.01, 0.01, 0.01, 0.0, 0.0, 0.0, 0.0, 0.0, 0.0, 0.0, 0.0, 0.0, 0.0, 0.0, 0.0, 0.0, 0.0, 0.0, 0.0, 0.0]
grid_augmented G mean tp,fp,tn,fn:    [93.4, 50.8, 1074.2, 31.6]
grid_augmented G std tp,fp,tn,fn:     [4.05, 17.74, 17.74, 4.05]


name_of_experiment:         ex_31_5: prid450 data augment + euclidean
file_name:                  siamese_cnn_image.pyc
date:                       30/08/2017   07:36:47
duration:                   6117.540138
prid450_augmented mean tp,fp,tn,fn:    [166.8, 1839.4, 48560.6, 58.2]
prid450_augmented std tp,fp,tn,fn:     [12.34, 236.78, 236.78, 12.34]
prid450_augmented detection rate (TP/(TP+FN)):      0.741333333333
prid450_augmented false alarm (FP/(FP+TN)):        0.036496031746
prid450_augmented mean ranking:        [0.57, 0.63, 0.67, 0.69, 0.71, 0.73, 0.74, 0.75, 0.76, 0.77, 0.78, 0.79, 0.79, 0.8, 0.81, 0.82, 0.82, 0.83, 0.83, 0.84, 0.84, 0.85, 0.85, 0.86, 0.86, 0.86, 0.87, 0.87, 0.87, 0.88, 0.88, 0.88, 0.88, 0.88, 0.89, 0.89, 0.89, 0.9, 0.9, 0.9, 0.9, 0.9, 0.91, 0.91, 0.91, 0.91, 0.92, 0.92, 0.92, 0.92, 0.93, 0.93, 0.93, 0.93, 0.93, 0.93, 0.93, 0.93, 0.93, 0.94, 0.94, 0.94, 0.94, 0.94, 0.94, 0.95, 0.95, 0.95, 0.95, 0.96, 0.96, 0.96, 0.96, 0.96, 0.96, 0.96, 0.96, 0.96, 0.96, 0.96, 0.96, 0.96, 0.97, 0.97, 0.97, 0.97, 0.97, 0.97, 0.97, 0.97, 0.97, 0.97, 0.97, 0.97, 0.97, 0.97, 0.97, 0.97, 0.97, 0.98, 0.98, 0.98, 0.98, 0.98, 0.98, 0.98, 0.98, 0.98, 0.98, 0.98, 0.98, 0.98, 0.98, 0.98, 0.98, 0.98, 0.98, 0.98, 0.99, 0.99, 0.99, 0.99, 0.99, 0.99, 0.99, 0.99, 0.99, 0.99, 0.99, 0.99, 0.99, 0.99, 0.99, 0.99, 0.99, 0.99, 0.99, 0.99, 0.99, 0.99, 0.99, 0.99, 0.99, 0.99, 0.99, 0.99, 0.99, 0.99, 0.99, 0.99, 0.99, 1.0, 1.0, 1.0, 1.0, 1.0, 1.0, 1.0, 1.0, 1.0, 1.0, 1.0, 1.0, 1.0, 1.0, 1.0, 1.0, 1.0, 1.0, 1.0, 1.0, 1.0, 1.0, 1.0, 1.0, 1.0, 1.0, 1.0, 1.0, 1.0, 1.0, 1.0, 1.0, 1.0, 1.0, 1.0, 1.0, 1.0, 1.0, 1.0, 1.0, 1.0, 1.0, 1.0, 1.0, 1.0, 1.0, 1.0, 1.0, 1.0, 1.0, 1.0, 1.0, 1.0, 1.0, 1.0, 1.0, 1.0, 1.0, 1.0, 1.0, 1.0, 1.0, 1.0, 1.0, 1.0, 1.0, 1.0, 1.0, 1.0, 1.0, 1.0, 1.0, 1.0, 1.0]
prid450_augmented std ranking:         [0.04, 0.04, 0.04, 0.04, 0.04, 0.04, 0.04, 0.04, 0.04, 0.04, 0.04, 0.04, 0.04, 0.04, 0.04, 0.04, 0.04, 0.04, 0.04, 0.04, 0.04, 0.04, 0.03, 0.04, 0.04, 0.04, 0.04, 0.04, 0.04, 0.04, 0.04, 0.04, 0.04, 0.03, 0.03, 0.03, 0.03, 0.03, 0.03, 0.03, 0.03, 0.03, 0.03, 0.03, 0.03, 0.03, 0.03, 0.03, 0.02, 0.03, 0.02, 0.02, 0.02, 0.02, 0.02, 0.02, 0.02, 0.02, 0.02, 0.02, 0.02, 0.02, 0.02, 0.02, 0.02, 0.02, 0.02, 0.02, 0.02, 0.02, 0.02, 0.02, 0.02, 0.02, 0.02, 0.02, 0.02, 0.02, 0.02, 0.02, 0.02, 0.02, 0.02, 0.02, 0.02, 0.02, 0.02, 0.02, 0.02, 0.02, 0.02, 0.02, 0.02, 0.02, 0.02, 0.02, 0.02, 0.02, 0.02, 0.02, 0.01, 0.01, 0.01, 0.01, 0.01, 0.02, 0.02, 0.02, 0.02, 0.02, 0.02, 0.02, 0.02, 0.02, 0.02, 0.01, 0.01, 0.01, 0.01, 0.01, 0.01, 0.01, 0.01, 0.01, 0.01, 0.01, 0.01, 0.01, 0.01, 0.01, 0.01, 0.01, 0.01, 0.01, 0.01, 0.01, 0.01, 0.01, 0.01, 0.01, 0.01, 0.01, 0.01, 0.01, 0.01, 0.01, 0.01, 0.01, 0.01, 0.01, 0.01, 0.01, 0.0, 0.0, 0.0, 0.0, 0.0, 0.0, 0.0, 0.0, 0.0, 0.0, 0.0, 0.0, 0.0, 0.0, 0.0, 0.0, 0.0, 0.0, 0.0, 0.0, 0.0, 0.0, 0.0, 0.0, 0.0, 0.0, 0.0, 0.0, 0.0, 0.0, 0.0, 0.0, 0.0, 0.0, 0.0, 0.0, 0.0, 0.0, 0.0, 0.0, 0.0, 0.0, 0.0, 0.0, 0.0, 0.0, 0.0, 0.0, 0.0, 0.0, 0.0, 0.0, 0.0, 0.0, 0.0, 0.0, 0.0, 0.0, 0.0, 0.0, 0.0, 0.0, 0.0, 0.0, 0.0, 0.0, 0.0, 0.0, 0.0, 0.0, 0.0, 0.0, 0.0]
prid450_augmented G mean tp,fp,tn,fn:    [166.8, 70.1, 1954.9, 58.2]
prid450_augmented G std tp,fp,tn,fn:     [12.34, 28.59, 28.59, 12.34]

