
name_of_experiment:         experiment 1_0_2: prid450, neural_distance=absolute
file_name:                  siamese_cnn_image.pyc
date:                       07/08/2017   12:47:05
duration:                   2381.314670
prid450 mean tp,fp,tn,fn:    [16.4, 218.9, 9681.1, 83.6]
prid450 std tp,fp,tn,fn:     [7.23, 144.56, 144.56, 7.23]
prid450 detection rate (TP/(TP+FN)):      0.164
prid450 false alarm (FP/(FP+TN)):        0.0221111111111
prid450 mean ranking:        [0.14, 0.23, 0.29, 0.35, 0.4, 0.43, 0.46, 0.49, 0.51, 0.53, 0.55, 0.57, 0.59, 0.61, 0.62, 0.64, 0.65, 0.67, 0.68, 0.69, 0.7, 0.72, 0.73, 0.74, 0.75, 0.76, 0.77, 0.78, 0.79, 0.8, 0.81, 0.82, 0.82, 0.83, 0.84, 0.85, 0.85, 0.86, 0.87, 0.88, 0.89, 0.89, 0.9, 0.9, 0.9, 0.91, 0.91, 0.92, 0.92, 0.93, 0.93, 0.94, 0.94, 0.94, 0.95, 0.95, 0.95, 0.95, 0.96, 0.96, 0.96, 0.97, 0.97, 0.97, 0.97, 0.97, 0.97, 0.98, 0.98, 0.98, 0.98, 0.98, 0.98, 0.98, 0.98, 0.98, 0.98, 0.99, 0.99, 0.99, 0.99, 0.99, 0.99, 0.99, 0.99, 0.99, 1.0, 1.0, 1.0, 1.0, 1.0, 1.0, 1.0, 1.0, 1.0, 1.0, 1.0, 1.0, 1.0, 1.0]
prid450 std ranking:         [0.04, 0.06, 0.07, 0.07, 0.07, 0.07, 0.08, 0.08, 0.08, 0.08, 0.08, 0.08, 0.08, 0.08, 0.08, 0.07, 0.07, 0.07, 0.06, 0.06, 0.06, 0.06, 0.06, 0.05, 0.05, 0.05, 0.05, 0.05, 0.05, 0.05, 0.04, 0.04, 0.04, 0.04, 0.04, 0.04, 0.05, 0.05, 0.05, 0.04, 0.04, 0.04, 0.04, 0.04, 0.04, 0.04, 0.04, 0.03, 0.03, 0.03, 0.03, 0.03, 0.02, 0.02, 0.02, 0.02, 0.02, 0.02, 0.02, 0.02, 0.02, 0.01, 0.02, 0.01, 0.01, 0.01, 0.01, 0.01, 0.01, 0.01, 0.01, 0.01, 0.01, 0.01, 0.01, 0.01, 0.01, 0.01, 0.01, 0.01, 0.01, 0.01, 0.01, 0.01, 0.01, 0.01, 0.01, 0.01, 0.01, 0.0, 0.0, 0.0, 0.0, 0.0, 0.0, 0.0, 0.0, 0.0, 0.0, 0.0]
prid450 G mean tp,fp,tn,fn:    [16.4, 20.35, 879.65, 83.6]
prid450 G std tp,fp,tn,fn:     [7.23, 18.62, 18.62, 7.23]


name_of_experiment:         experiment 1_1_2: prid450, neural_distance=subtract
file_name:                  siamese_cnn_image.pyc
date:                       07/08/2017   13:26:52
duration:                   2383.841759
prid450 mean tp,fp,tn,fn:    [44.95, 1017.15, 8882.85, 55.05]
prid450 std tp,fp,tn,fn:     [9.27, 213.61, 213.61, 9.27]
prid450 detection rate (TP/(TP+FN)):      0.4495
prid450 false alarm (FP/(FP+TN)):        0.102742424242
prid450 mean ranking:        [0.12, 0.19, 0.25, 0.29, 0.34, 0.38, 0.41, 0.44, 0.47, 0.49, 0.52, 0.54, 0.56, 0.58, 0.6, 0.61, 0.63, 0.64, 0.66, 0.67, 0.69, 0.7, 0.71, 0.72, 0.73, 0.74, 0.75, 0.76, 0.77, 0.78, 0.79, 0.8, 0.81, 0.82, 0.83, 0.84, 0.85, 0.86, 0.86, 0.87, 0.88, 0.89, 0.89, 0.9, 0.9, 0.91, 0.91, 0.92, 0.92, 0.93, 0.93, 0.94, 0.94, 0.95, 0.95, 0.95, 0.95, 0.96, 0.96, 0.96, 0.97, 0.97, 0.97, 0.98, 0.98, 0.98, 0.98, 0.98, 0.98, 0.99, 0.99, 0.99, 0.99, 0.99, 0.99, 0.99, 0.99, 0.99, 0.99, 0.99, 1.0, 1.0, 1.0, 1.0, 1.0, 1.0, 1.0, 1.0, 1.0, 1.0, 1.0, 1.0, 1.0, 1.0, 1.0, 1.0, 1.0, 1.0, 1.0, 1.0]
prid450 std ranking:         [0.04, 0.04, 0.04, 0.04, 0.05, 0.05, 0.06, 0.07, 0.07, 0.06, 0.06, 0.06, 0.06, 0.07, 0.06, 0.06, 0.06, 0.06, 0.06, 0.05, 0.05, 0.05, 0.05, 0.05, 0.04, 0.04, 0.04, 0.04, 0.04, 0.04, 0.03, 0.03, 0.03, 0.03, 0.03, 0.04, 0.04, 0.03, 0.03, 0.03, 0.03, 0.03, 0.03, 0.03, 0.03, 0.03, 0.03, 0.03, 0.03, 0.02, 0.02, 0.02, 0.02, 0.02, 0.02, 0.02, 0.02, 0.02, 0.02, 0.02, 0.02, 0.02, 0.01, 0.02, 0.01, 0.01, 0.01, 0.01, 0.01, 0.01, 0.01, 0.01, 0.01, 0.01, 0.01, 0.01, 0.01, 0.01, 0.01, 0.01, 0.01, 0.01, 0.01, 0.01, 0.01, 0.01, 0.01, 0.01, 0.0, 0.0, 0.0, 0.0, 0.0, 0.0, 0.0, 0.0, 0.0, 0.0, 0.0, 0.0]
prid450 G mean tp,fp,tn,fn:    [44.95, 97.1, 802.9, 55.05]
prid450 G std tp,fp,tn,fn:     [9.27, 33.05, 33.05, 9.27]


name_of_experiment:         experiment 1_2_2: prid450, neural_distance=concatenate
file_name:                  siamese_cnn_image.pyc
date:                       07/08/2017   14:06:54
duration:                   2398.000660
prid450 mean tp,fp,tn,fn:    [60.75, 1940.6, 7959.4, 39.25]
prid450 std tp,fp,tn,fn:     [11.53, 467.43, 467.43, 11.53]
prid450 detection rate (TP/(TP+FN)):      0.6075
prid450 false alarm (FP/(FP+TN)):        0.19602020202
prid450 mean ranking:        [0.08, 0.14, 0.19, 0.23, 0.29, 0.32, 0.34, 0.37, 0.4, 0.43, 0.45, 0.47, 0.5, 0.52, 0.54, 0.56, 0.58, 0.6, 0.61, 0.63, 0.64, 0.65, 0.67, 0.68, 0.69, 0.7, 0.71, 0.73, 0.75, 0.76, 0.78, 0.79, 0.8, 0.81, 0.82, 0.83, 0.84, 0.85, 0.85, 0.86, 0.87, 0.87, 0.88, 0.89, 0.89, 0.9, 0.9, 0.9, 0.91, 0.92, 0.92, 0.93, 0.93, 0.94, 0.94, 0.95, 0.95, 0.95, 0.95, 0.96, 0.96, 0.96, 0.96, 0.97, 0.97, 0.97, 0.97, 0.98, 0.98, 0.98, 0.98, 0.98, 0.99, 0.99, 0.99, 0.99, 0.99, 0.99, 1.0, 1.0, 1.0, 1.0, 1.0, 1.0, 1.0, 1.0, 1.0, 1.0, 1.0, 1.0, 1.0, 1.0, 1.0, 1.0, 1.0, 1.0, 1.0, 1.0, 1.0, 1.0]
prid450 std ranking:         [0.03, 0.05, 0.05, 0.06, 0.07, 0.08, 0.08, 0.07, 0.07, 0.08, 0.09, 0.08, 0.08, 0.08, 0.08, 0.08, 0.08, 0.08, 0.08, 0.08, 0.08, 0.08, 0.07, 0.07, 0.07, 0.07, 0.07, 0.07, 0.06, 0.06, 0.06, 0.07, 0.06, 0.06, 0.06, 0.06, 0.06, 0.05, 0.05, 0.05, 0.05, 0.05, 0.05, 0.05, 0.05, 0.04, 0.04, 0.04, 0.04, 0.04, 0.04, 0.04, 0.03, 0.03, 0.03, 0.03, 0.03, 0.03, 0.03, 0.03, 0.02, 0.02, 0.02, 0.02, 0.02, 0.02, 0.02, 0.02, 0.02, 0.02, 0.02, 0.01, 0.01, 0.01, 0.01, 0.01, 0.01, 0.01, 0.0, 0.0, 0.0, 0.0, 0.0, 0.0, 0.0, 0.0, 0.0, 0.0, 0.0, 0.0, 0.0, 0.0, 0.0, 0.0, 0.0, 0.0, 0.0, 0.0, 0.0, 0.0]
prid450 G mean tp,fp,tn,fn:    [60.75, 168.75, 731.25, 39.25]
prid450 G std tp,fp,tn,fn:     [11.53, 40.43, 40.43, 11.53]


name_of_experiment:         experiment 1_3_2: prid450, neural_distance=divide
file_name:                  siamese_cnn_image.pyc
date:                       07/08/2017   14:44:11
duration:                   2233.482180
prid450 mean tp,fp,tn,fn:    [7.2, 816.45, 9083.55, 92.8]
prid450 std tp,fp,tn,fn:     [17.42, 1972.53, 1972.53, 17.42]
prid450 detection rate (TP/(TP+FN)):      0.072
prid450 false alarm (FP/(FP+TN)):        0.0824696969697
prid450 mean ranking:        [0.01, 0.02, 0.03, 0.04, 0.05, 0.06, 0.07, 0.08, 0.09, 0.1, 0.11, 0.12, 0.13, 0.14, 0.15, 0.16, 0.17, 0.18, 0.19, 0.2, 0.21, 0.22, 0.23, 0.24, 0.25, 0.26, 0.27, 0.28, 0.29, 0.29, 0.3, 0.31, 0.32, 0.34, 0.35, 0.36, 0.37, 0.38, 0.39, 0.4, 0.41, 0.41, 0.42, 0.43, 0.44, 0.45, 0.46, 0.47, 0.48, 0.49, 0.5, 0.51, 0.52, 0.53, 0.54, 0.55, 0.56, 0.57, 0.58, 0.59, 0.6, 0.61, 0.63, 0.64, 0.65, 0.66, 0.67, 0.68, 0.69, 0.7, 0.71, 0.72, 0.73, 0.74, 0.75, 0.76, 0.77, 0.78, 0.79, 0.8, 0.81, 0.82, 0.83, 0.84, 0.85, 0.86, 0.87, 0.88, 0.89, 0.9, 0.91, 0.92, 0.93, 0.94, 0.95, 0.96, 0.97, 0.98, 0.99, 1.0]
prid450 std ranking:         [0.0, 0.0, 0.0, 0.01, 0.01, 0.0, 0.0, 0.01, 0.01, 0.01, 0.01, 0.01, 0.01, 0.01, 0.01, 0.01, 0.01, 0.01, 0.01, 0.01, 0.01, 0.01, 0.01, 0.01, 0.01, 0.01, 0.01, 0.01, 0.02, 0.02, 0.02, 0.02, 0.02, 0.02, 0.01, 0.01, 0.01, 0.01, 0.01, 0.02, 0.02, 0.02, 0.02, 0.02, 0.02, 0.02, 0.02, 0.02, 0.02, 0.02, 0.02, 0.02, 0.03, 0.03, 0.03, 0.03, 0.02, 0.03, 0.03, 0.02, 0.02, 0.01, 0.01, 0.01, 0.01, 0.01, 0.01, 0.01, 0.01, 0.01, 0.01, 0.01, 0.0, 0.01, 0.0, 0.01, 0.01, 0.01, 0.01, 0.01, 0.01, 0.01, 0.01, 0.01, 0.01, 0.01, 0.01, 0.01, 0.01, 0.01, 0.01, 0.01, 0.0, 0.01, 0.0, 0.0, 0.0, 0.0, 0.0, 0.0]
prid450 G mean tp,fp,tn,fn:    [7.2, 72.1, 827.9, 92.8]
prid450 G std tp,fp,tn,fn:     [17.42, 174.16, 174.16, 17.42]


name_of_experiment:         experiment 1_4_2: prid450, neural_distance=add
file_name:                  siamese_cnn_image.pyc
date:                       07/08/2017   15:21:17
duration:                   2222.064324
prid450 mean tp,fp,tn,fn:    [79.25, 3531.9, 6368.1, 20.75]
prid450 std tp,fp,tn,fn:     [10.96, 675.54, 675.54, 10.96]
prid450 detection rate (TP/(TP+FN)):      0.7925
prid450 false alarm (FP/(FP+TN)):        0.356757575758
prid450 mean ranking:        [0.07, 0.11, 0.15, 0.19, 0.22, 0.26, 0.29, 0.32, 0.35, 0.38, 0.41, 0.43, 0.45, 0.47, 0.49, 0.51, 0.53, 0.54, 0.57, 0.59, 0.61, 0.62, 0.63, 0.65, 0.66, 0.68, 0.69, 0.71, 0.72, 0.74, 0.75, 0.76, 0.77, 0.78, 0.79, 0.81, 0.82, 0.83, 0.84, 0.85, 0.86, 0.87, 0.87, 0.88, 0.89, 0.89, 0.9, 0.9, 0.91, 0.91, 0.92, 0.93, 0.93, 0.93, 0.94, 0.94, 0.95, 0.95, 0.95, 0.95, 0.96, 0.96, 0.96, 0.96, 0.96, 0.97, 0.97, 0.97, 0.97, 0.97, 0.97, 0.97, 0.98, 0.98, 0.98, 0.98, 0.98, 0.98, 0.98, 0.98, 0.98, 0.98, 0.99, 0.99, 0.99, 0.99, 0.99, 0.99, 0.99, 0.99, 1.0, 1.0, 1.0, 1.0, 1.0, 1.0, 1.0, 1.0, 1.0, 1.0]
prid450 std ranking:         [0.02, 0.03, 0.04, 0.04, 0.05, 0.05, 0.05, 0.06, 0.06, 0.06, 0.07, 0.07, 0.08, 0.08, 0.07, 0.08, 0.08, 0.08, 0.08, 0.08, 0.08, 0.08, 0.07, 0.08, 0.07, 0.08, 0.08, 0.08, 0.08, 0.08, 0.07, 0.07, 0.07, 0.07, 0.07, 0.06, 0.07, 0.06, 0.06, 0.06, 0.06, 0.06, 0.06, 0.06, 0.06, 0.06, 0.06, 0.05, 0.05, 0.05, 0.05, 0.05, 0.05, 0.05, 0.05, 0.04, 0.04, 0.04, 0.04, 0.04, 0.04, 0.04, 0.04, 0.04, 0.03, 0.03, 0.03, 0.03, 0.02, 0.02, 0.02, 0.02, 0.02, 0.02, 0.02, 0.02, 0.02, 0.02, 0.02, 0.02, 0.02, 0.02, 0.02, 0.01, 0.01, 0.01, 0.01, 0.01, 0.01, 0.01, 0.01, 0.01, 0.01, 0.01, 0.0, 0.0, 0.0, 0.0, 0.0, 0.0]
prid450 G mean tp,fp,tn,fn:    [79.25, 316.15, 583.85, 20.75]
prid450 G std tp,fp,tn,fn:     [10.96, 63.64, 63.64, 10.96]


name_of_experiment:         experiment 1_5_2: prid450, neural_distance=multiply
file_name:                  siamese_cnn_image.pyc
date:                       07/08/2017   15:59:23
duration:                   2282.576283
prid450 mean tp,fp,tn,fn:    [28.45, 548.95, 9351.05, 71.55]
prid450 std tp,fp,tn,fn:     [7.05, 267.18, 267.18, 7.05]
prid450 detection rate (TP/(TP+FN)):      0.2845
prid450 false alarm (FP/(FP+TN)):        0.0554494949495
prid450 mean ranking:        [0.12, 0.19, 0.24, 0.27, 0.3, 0.33, 0.36, 0.39, 0.42, 0.44, 0.46, 0.49, 0.5, 0.52, 0.53, 0.55, 0.56, 0.57, 0.58, 0.59, 0.61, 0.62, 0.63, 0.64, 0.65, 0.66, 0.67, 0.68, 0.69, 0.7, 0.71, 0.72, 0.73, 0.73, 0.74, 0.75, 0.76, 0.76, 0.77, 0.78, 0.79, 0.8, 0.81, 0.81, 0.82, 0.82, 0.83, 0.84, 0.85, 0.86, 0.86, 0.87, 0.88, 0.88, 0.89, 0.89, 0.89, 0.9, 0.9, 0.91, 0.91, 0.91, 0.91, 0.92, 0.92, 0.93, 0.93, 0.93, 0.94, 0.94, 0.94, 0.95, 0.95, 0.95, 0.95, 0.96, 0.96, 0.96, 0.97, 0.97, 0.97, 0.98, 0.98, 0.98, 0.98, 0.98, 0.98, 0.98, 0.99, 0.99, 0.99, 0.99, 1.0, 1.0, 1.0, 1.0, 1.0, 1.0, 1.0, 1.0]
prid450 std ranking:         [0.05, 0.06, 0.05, 0.05, 0.05, 0.05, 0.06, 0.06, 0.06, 0.06, 0.06, 0.07, 0.06, 0.06, 0.06, 0.06, 0.06, 0.06, 0.06, 0.06, 0.06, 0.05, 0.05, 0.05, 0.05, 0.05, 0.05, 0.05, 0.06, 0.06, 0.06, 0.05, 0.05, 0.05, 0.05, 0.05, 0.05, 0.05, 0.05, 0.04, 0.04, 0.04, 0.04, 0.04, 0.04, 0.04, 0.03, 0.04, 0.03, 0.03, 0.03, 0.03, 0.02, 0.02, 0.02, 0.02, 0.02, 0.02, 0.02, 0.02, 0.02, 0.02, 0.02, 0.02, 0.02, 0.02, 0.02, 0.02, 0.02, 0.02, 0.02, 0.02, 0.01, 0.02, 0.01, 0.02, 0.02, 0.02, 0.02, 0.02, 0.02, 0.02, 0.02, 0.01, 0.01, 0.01, 0.01, 0.01, 0.01, 0.01, 0.01, 0.01, 0.01, 0.0, 0.0, 0.0, 0.0, 0.0, 0.0, 0.0]
prid450 G mean tp,fp,tn,fn:    [28.45, 44.45, 855.55, 71.55]
prid450 G std tp,fp,tn,fn:     [7.05, 21.8, 21.8, 7.05]


name_of_experiment:         experiment 5_0_0: test=viper, train=[grid, prid450], no batchnorm
file_name:                  siamese_cnn_image.pyc
date:                       07/08/2017   19:27:08
duration:                   5951.607640
viper mean tp,fp,tn,fn:    [26.45, 357.0, 9543.0, 73.55]
viper std tp,fp,tn,fn:     [12.57, 261.15, 261.15, 12.57]
viper detection rate (TP/(TP+FN)):      0.2645
viper false alarm (FP/(FP+TN)):        0.0360606060606
viper mean ranking:        [0.14, 0.24, 0.3, 0.36, 0.41, 0.46, 0.49, 0.52, 0.56, 0.58, 0.6, 0.62, 0.65, 0.66, 0.68, 0.7, 0.71, 0.72, 0.73, 0.75, 0.76, 0.77, 0.79, 0.8, 0.81, 0.82, 0.83, 0.84, 0.84, 0.85, 0.85, 0.86, 0.87, 0.87, 0.88, 0.89, 0.89, 0.9, 0.9, 0.9, 0.91, 0.91, 0.92, 0.92, 0.92, 0.93, 0.93, 0.93, 0.94, 0.94, 0.94, 0.95, 0.95, 0.95, 0.95, 0.96, 0.96, 0.96, 0.96, 0.97, 0.97, 0.97, 0.97, 0.97, 0.98, 0.98, 0.98, 0.98, 0.98, 0.98, 0.98, 0.98, 0.99, 0.99, 0.99, 0.99, 0.99, 0.99, 0.99, 0.99, 0.99, 0.99, 0.99, 1.0, 1.0, 1.0, 1.0, 1.0, 1.0, 1.0, 1.0, 1.0, 1.0, 1.0, 1.0, 1.0, 1.0, 1.0, 1.0, 1.0]
viper std ranking:         [0.04, 0.06, 0.07, 0.09, 0.09, 0.09, 0.09, 0.1, 0.1, 0.1, 0.1, 0.11, 0.11, 0.1, 0.1, 0.1, 0.1, 0.1, 0.09, 0.09, 0.09, 0.09, 0.08, 0.08, 0.08, 0.08, 0.08, 0.07, 0.07, 0.07, 0.07, 0.07, 0.07, 0.06, 0.06, 0.06, 0.06, 0.06, 0.06, 0.06, 0.06, 0.06, 0.06, 0.06, 0.05, 0.05, 0.04, 0.04, 0.04, 0.04, 0.04, 0.04, 0.03, 0.03, 0.03, 0.03, 0.03, 0.03, 0.03, 0.03, 0.03, 0.03, 0.03, 0.03, 0.02, 0.02, 0.02, 0.02, 0.02, 0.02, 0.02, 0.02, 0.01, 0.01, 0.01, 0.01, 0.01, 0.01, 0.01, 0.01, 0.01, 0.01, 0.01, 0.01, 0.01, 0.01, 0.01, 0.01, 0.01, 0.01, 0.0, 0.0, 0.0, 0.0, 0.0, 0.0, 0.0, 0.0, 0.0, 0.0]
viper G mean tp,fp,tn,fn:    [26.45, 38.05, 861.95, 73.55]
viper G std tp,fp,tn,fn:     [12.57, 37.11, 37.11, 12.57]


name_of_experiment:         experiment 5_0_1: test=grid, train=[viper, prid450], no batchnorm
file_name:                  siamese_cnn_image.pyc
date:                       07/08/2017   21:02:36
duration:                   5726.660274
grid mean tp,fp,tn,fn:    [34.4, 331.2, 9568.8, 65.6]
grid std tp,fp,tn,fn:     [8.09, 136.0, 136.0, 8.09]
grid detection rate (TP/(TP+FN)):      0.344
grid false alarm (FP/(FP+TN)):        0.0334545454545
grid mean ranking:        [0.19, 0.28, 0.35, 0.42, 0.48, 0.53, 0.57, 0.6, 0.63, 0.65, 0.67, 0.69, 0.71, 0.73, 0.75, 0.76, 0.78, 0.78, 0.79, 0.8, 0.81, 0.82, 0.83, 0.84, 0.85, 0.86, 0.86, 0.87, 0.88, 0.88, 0.89, 0.9, 0.9, 0.9, 0.91, 0.91, 0.92, 0.93, 0.93, 0.93, 0.93, 0.94, 0.94, 0.94, 0.95, 0.95, 0.95, 0.96, 0.96, 0.96, 0.96, 0.96, 0.97, 0.97, 0.97, 0.97, 0.97, 0.97, 0.97, 0.98, 0.98, 0.98, 0.98, 0.98, 0.98, 0.98, 0.98, 0.99, 0.99, 0.99, 0.99, 0.99, 0.99, 0.99, 0.99, 0.99, 0.99, 0.99, 0.99, 0.99, 0.99, 0.99, 0.99, 1.0, 1.0, 1.0, 1.0, 1.0, 1.0, 1.0, 1.0, 1.0, 1.0, 1.0, 1.0, 1.0, 1.0, 1.0, 1.0, 1.0]
grid std ranking:         [0.03, 0.05, 0.05, 0.05, 0.06, 0.06, 0.07, 0.07, 0.06, 0.05, 0.05, 0.05, 0.05, 0.06, 0.06, 0.05, 0.05, 0.04, 0.04, 0.04, 0.04, 0.04, 0.04, 0.04, 0.03, 0.04, 0.04, 0.04, 0.04, 0.04, 0.04, 0.03, 0.03, 0.03, 0.03, 0.03, 0.03, 0.02, 0.02, 0.02, 0.02, 0.03, 0.02, 0.02, 0.02, 0.02, 0.02, 0.02, 0.02, 0.02, 0.02, 0.02, 0.02, 0.02, 0.02, 0.02, 0.02, 0.02, 0.02, 0.02, 0.02, 0.02, 0.01, 0.01, 0.02, 0.01, 0.01, 0.01, 0.01, 0.01, 0.01, 0.01, 0.01, 0.01, 0.01, 0.01, 0.01, 0.01, 0.01, 0.01, 0.01, 0.01, 0.01, 0.0, 0.0, 0.0, 0.0, 0.0, 0.0, 0.0, 0.0, 0.0, 0.0, 0.0, 0.0, 0.0, 0.0, 0.0, 0.0, 0.0]
grid G mean tp,fp,tn,fn:    [34.4, 29.2, 870.8, 65.6]
grid G std tp,fp,tn,fn:     [8.09, 12.94, 12.94, 8.09]


name_of_experiment:         experiment 5_0_2: test=prid450, train=[viper, grid], no batchnorm
file_name:                  siamese_cnn_image.pyc
date:                       07/08/2017   22:37:05
duration:                   5666.111743
prid450 mean tp,fp,tn,fn:    [43.6, 648.75, 9251.25, 56.4]
prid450 std tp,fp,tn,fn:     [13.64, 299.53, 299.53, 13.64]
prid450 detection rate (TP/(TP+FN)):      0.436
prid450 false alarm (FP/(FP+TN)):        0.0655303030303
prid450 mean ranking:        [0.2, 0.31, 0.37, 0.42, 0.46, 0.49, 0.54, 0.57, 0.59, 0.61, 0.64, 0.66, 0.67, 0.69, 0.71, 0.73, 0.75, 0.77, 0.78, 0.79, 0.8, 0.81, 0.82, 0.82, 0.83, 0.84, 0.85, 0.86, 0.87, 0.87, 0.88, 0.89, 0.89, 0.9, 0.9, 0.91, 0.91, 0.91, 0.92, 0.92, 0.93, 0.93, 0.94, 0.94, 0.94, 0.94, 0.95, 0.95, 0.95, 0.95, 0.95, 0.96, 0.96, 0.96, 0.96, 0.97, 0.97, 0.97, 0.97, 0.98, 0.98, 0.98, 0.98, 0.98, 0.98, 0.99, 0.99, 0.99, 0.99, 0.99, 0.99, 0.99, 0.99, 0.99, 0.99, 0.99, 0.99, 0.99, 1.0, 1.0, 1.0, 1.0, 1.0, 1.0, 1.0, 1.0, 1.0, 1.0, 1.0, 1.0, 1.0, 1.0, 1.0, 1.0, 1.0, 1.0, 1.0, 1.0, 1.0, 1.0]
prid450 std ranking:         [0.05, 0.06, 0.06, 0.06, 0.06, 0.07, 0.07, 0.07, 0.07, 0.07, 0.07, 0.07, 0.06, 0.06, 0.06, 0.05, 0.06, 0.05, 0.05, 0.05, 0.05, 0.05, 0.05, 0.05, 0.04, 0.04, 0.04, 0.04, 0.04, 0.04, 0.04, 0.04, 0.04, 0.04, 0.04, 0.04, 0.04, 0.03, 0.03, 0.03, 0.03, 0.03, 0.03, 0.03, 0.03, 0.03, 0.03, 0.03, 0.03, 0.02, 0.02, 0.02, 0.02, 0.02, 0.02, 0.02, 0.02, 0.02, 0.02, 0.01, 0.01, 0.01, 0.01, 0.01, 0.01, 0.01, 0.01, 0.01, 0.01, 0.01, 0.01, 0.01, 0.01, 0.01, 0.01, 0.01, 0.01, 0.01, 0.01, 0.01, 0.01, 0.01, 0.01, 0.01, 0.0, 0.0, 0.0, 0.0, 0.0, 0.0, 0.0, 0.0, 0.0, 0.0, 0.0, 0.0, 0.0, 0.0, 0.0, 0.0]
prid450 G mean tp,fp,tn,fn:    [43.6, 63.85, 836.15, 56.4]
prid450 G std tp,fp,tn,fn:     [13.64, 34.03, 34.03, 13.64]


name_of_experiment:         experiment 5_1_0: test=viper, train=[grid, prid450], with batchnorm
file_name:                  siamese_cnn_image.pyc
date:                       08/08/2017   00:36:14
duration:                   7146.971166
viper mean tp,fp,tn,fn:    [37.6, 642.4, 9257.6, 62.4]
viper std tp,fp,tn,fn:     [13.87, 309.44, 309.44, 13.87]
viper detection rate (TP/(TP+FN)):      0.376
viper false alarm (FP/(FP+TN)):        0.0648888888889
viper mean ranking:        [0.14, 0.22, 0.29, 0.34, 0.39, 0.42, 0.46, 0.49, 0.52, 0.55, 0.58, 0.61, 0.63, 0.65, 0.67, 0.69, 0.7, 0.71, 0.72, 0.73, 0.75, 0.76, 0.77, 0.78, 0.79, 0.79, 0.8, 0.81, 0.83, 0.83, 0.84, 0.85, 0.86, 0.86, 0.87, 0.87, 0.87, 0.88, 0.89, 0.89, 0.9, 0.9, 0.91, 0.91, 0.92, 0.92, 0.93, 0.93, 0.93, 0.94, 0.94, 0.94, 0.94, 0.95, 0.95, 0.95, 0.96, 0.96, 0.96, 0.97, 0.97, 0.97, 0.97, 0.97, 0.98, 0.98, 0.98, 0.98, 0.98, 0.98, 0.98, 0.98, 0.99, 0.99, 0.99, 0.99, 0.99, 0.99, 0.99, 0.99, 0.99, 0.99, 0.99, 0.99, 0.99, 1.0, 1.0, 1.0, 1.0, 1.0, 1.0, 1.0, 1.0, 1.0, 1.0, 1.0, 1.0, 1.0, 1.0, 1.0]
viper std ranking:         [0.04, 0.04, 0.05, 0.07, 0.07, 0.08, 0.08, 0.08, 0.09, 0.09, 0.09, 0.09, 0.09, 0.09, 0.09, 0.08, 0.08, 0.08, 0.08, 0.08, 0.07, 0.07, 0.08, 0.07, 0.07, 0.07, 0.08, 0.08, 0.07, 0.07, 0.07, 0.07, 0.07, 0.06, 0.06, 0.06, 0.06, 0.06, 0.06, 0.06, 0.05, 0.05, 0.05, 0.05, 0.05, 0.04, 0.04, 0.04, 0.04, 0.04, 0.04, 0.04, 0.04, 0.04, 0.03, 0.03, 0.03, 0.03, 0.03, 0.03, 0.03, 0.02, 0.02, 0.02, 0.02, 0.02, 0.02, 0.02, 0.02, 0.02, 0.01, 0.01, 0.01, 0.01, 0.01, 0.01, 0.01, 0.01, 0.01, 0.01, 0.01, 0.01, 0.01, 0.01, 0.01, 0.01, 0.0, 0.0, 0.0, 0.0, 0.0, 0.0, 0.0, 0.0, 0.0, 0.0, 0.0, 0.0, 0.0, 0.0]
viper G mean tp,fp,tn,fn:    [37.6, 61.4, 838.6, 62.4]
viper G std tp,fp,tn,fn:     [13.87, 33.28, 33.28, 13.87]


name_of_experiment:         experiment 5_1_1: test=grid, train=[viper, prid450], with batchnorm
file_name:                  siamese_cnn_image.pyc
date:                       08/08/2017   02:36:18
duration:                   7200.820247
grid mean tp,fp,tn,fn:    [39.3, 418.25, 9481.75, 60.7]
grid std tp,fp,tn,fn:     [8.3, 141.36, 141.36, 8.3]
grid detection rate (TP/(TP+FN)):      0.393
grid false alarm (FP/(FP+TN)):        0.0422474747475
grid mean ranking:        [0.2, 0.3, 0.38, 0.42, 0.47, 0.51, 0.55, 0.58, 0.62, 0.64, 0.66, 0.68, 0.7, 0.72, 0.73, 0.75, 0.77, 0.78, 0.79, 0.8, 0.81, 0.82, 0.83, 0.84, 0.85, 0.86, 0.87, 0.88, 0.88, 0.89, 0.9, 0.9, 0.91, 0.91, 0.92, 0.92, 0.93, 0.93, 0.93, 0.94, 0.94, 0.95, 0.95, 0.95, 0.95, 0.96, 0.96, 0.96, 0.96, 0.97, 0.97, 0.97, 0.97, 0.97, 0.97, 0.97, 0.98, 0.98, 0.98, 0.98, 0.98, 0.99, 0.99, 0.99, 0.99, 0.99, 0.99, 0.99, 0.99, 0.99, 0.99, 0.99, 0.99, 0.99, 1.0, 1.0, 1.0, 1.0, 1.0, 1.0, 1.0, 1.0, 1.0, 1.0, 1.0, 1.0, 1.0, 1.0, 1.0, 1.0, 1.0, 1.0, 1.0, 1.0, 1.0, 1.0, 1.0, 1.0, 1.0, 1.0]
grid std ranking:         [0.05, 0.05, 0.06, 0.07, 0.07, 0.07, 0.07, 0.08, 0.07, 0.07, 0.07, 0.06, 0.06, 0.06, 0.06, 0.05, 0.05, 0.05, 0.05, 0.05, 0.05, 0.05, 0.05, 0.04, 0.04, 0.04, 0.04, 0.04, 0.04, 0.04, 0.04, 0.04, 0.03, 0.03, 0.03, 0.03, 0.02, 0.02, 0.02, 0.02, 0.02, 0.02, 0.02, 0.02, 0.02, 0.02, 0.02, 0.02, 0.02, 0.02, 0.02, 0.02, 0.02, 0.02, 0.02, 0.01, 0.02, 0.01, 0.01, 0.01, 0.01, 0.01, 0.01, 0.01, 0.01, 0.01, 0.01, 0.01, 0.01, 0.01, 0.01, 0.01, 0.01, 0.01, 0.01, 0.01, 0.0, 0.0, 0.0, 0.0, 0.0, 0.0, 0.0, 0.0, 0.0, 0.0, 0.0, 0.0, 0.0, 0.0, 0.0, 0.0, 0.0, 0.0, 0.0, 0.0, 0.0, 0.0, 0.0, 0.0]
grid G mean tp,fp,tn,fn:    [39.3, 40.65, 859.35, 60.7]
grid G std tp,fp,tn,fn:     [8.3, 14.76, 14.76, 8.3]


name_of_experiment:         experiment 5_1_2: test=prid450, train=[viper, grid], with batchnorm
file_name:                  siamese_cnn_image.pyc
date:                       08/08/2017   04:35:16
duration:                   7133.763160
prid450 mean tp,fp,tn,fn:    [41.5, 472.8, 9427.2, 58.5]
prid450 std tp,fp,tn,fn:     [11.6, 256.27, 256.27, 11.6]
prid450 detection rate (TP/(TP+FN)):      0.415
prid450 false alarm (FP/(FP+TN)):        0.0477575757576
prid450 mean ranking:        [0.21, 0.32, 0.4, 0.45, 0.5, 0.55, 0.58, 0.62, 0.65, 0.67, 0.7, 0.72, 0.73, 0.75, 0.76, 0.78, 0.79, 0.8, 0.81, 0.82, 0.83, 0.84, 0.84, 0.85, 0.85, 0.87, 0.87, 0.88, 0.89, 0.89, 0.9, 0.9, 0.91, 0.91, 0.92, 0.92, 0.92, 0.93, 0.93, 0.93, 0.94, 0.94, 0.94, 0.95, 0.95, 0.95, 0.96, 0.96, 0.96, 0.97, 0.97, 0.97, 0.97, 0.97, 0.97, 0.97, 0.98, 0.98, 0.98, 0.98, 0.98, 0.98, 0.99, 0.99, 0.99, 0.99, 0.99, 0.99, 0.99, 0.99, 0.99, 0.99, 1.0, 1.0, 1.0, 1.0, 1.0, 1.0, 1.0, 1.0, 1.0, 1.0, 1.0, 1.0, 1.0, 1.0, 1.0, 1.0, 1.0, 1.0, 1.0, 1.0, 1.0, 1.0, 1.0, 1.0, 1.0, 1.0, 1.0, 1.0]
prid450 std ranking:         [0.05, 0.06, 0.06, 0.07, 0.07, 0.07, 0.07, 0.07, 0.06, 0.05, 0.05, 0.05, 0.05, 0.05, 0.05, 0.05, 0.04, 0.04, 0.04, 0.04, 0.04, 0.04, 0.04, 0.04, 0.03, 0.03, 0.03, 0.03, 0.03, 0.03, 0.03, 0.03, 0.03, 0.02, 0.02, 0.02, 0.02, 0.02, 0.02, 0.02, 0.02, 0.02, 0.02, 0.02, 0.02, 0.02, 0.02, 0.02, 0.02, 0.01, 0.02, 0.01, 0.01, 0.01, 0.01, 0.01, 0.01, 0.01, 0.01, 0.01, 0.01, 0.01, 0.01, 0.01, 0.01, 0.01, 0.01, 0.01, 0.01, 0.01, 0.01, 0.01, 0.01, 0.01, 0.01, 0.01, 0.01, 0.01, 0.01, 0.01, 0.01, 0.01, 0.01, 0.01, 0.01, 0.01, 0.01, 0.01, 0.01, 0.0, 0.0, 0.0, 0.0, 0.0, 0.0, 0.0, 0.0, 0.0, 0.0, 0.0]
prid450 G mean tp,fp,tn,fn:    [41.5, 39.1, 860.9, 58.5]
prid450 G std tp,fp,tn,fn:     [11.6, 20.14, 20.14, 11.6]


name_of_experiment:         experiment 8_0: train only then save on each dataset [grid, prid450]. load, retrain and test=viper
file_name:                  experiments_thesis.py
date:                       08/08/2017   06:16:49
duration:                   2712.580600
viper mean tp,fp,tn,fn:    [0.09, 0.16, 0.22, 0.27, 0.31, 0.35, 0.38, 0.41, 0.44, 0.47, 0.5, 0.52, 0.54, 0.57, 0.58, 0.6, 0.62, 0.64, 0.65, 0.67, 0.69, 0.7, 0.71, 0.72, 0.73, 0.75, 0.75, 0.76, 0.77, 0.78, 0.79, 0.79, 0.8, 0.81, 0.82, 0.83, 0.84, 0.84, 0.85, 0.86, 0.86, 0.87, 0.87, 0.88, 0.88, 0.89, 0.89, 0.9, 0.9, 0.91, 0.91, 0.91, 0.92, 0.92, 0.93, 0.93, 0.93, 0.94, 0.94, 0.94, 0.95, 0.95, 0.95, 0.95, 0.96, 0.96, 0.96, 0.96, 0.97, 0.97, 0.97, 0.97, 0.97, 0.98, 0.98, 0.98, 0.98, 0.98, 0.99, 0.99, 0.99, 0.99, 0.99, 0.99, 0.99, 0.99, 0.99, 1.0, 1.0, 1.0, 1.0, 1.0, 1.0, 1.0, 1.0, 1.0, 1.0, 1.0, 1.0, 1.0]
viper std tp,fp,tn,fn:     [0.03, 0.03, 0.04, 0.05, 0.05, 0.06, 0.06, 0.07, 0.07, 0.07, 0.07, 0.07, 0.08, 0.07, 0.07, 0.08, 0.08, 0.08, 0.08, 0.08, 0.08, 0.08, 0.08, 0.08, 0.08, 0.07, 0.07, 0.07, 0.07, 0.07, 0.07, 0.07, 0.06, 0.06, 0.06, 0.06, 0.06, 0.06, 0.05, 0.05, 0.05, 0.05, 0.05, 0.05, 0.05, 0.05, 0.05, 0.04, 0.04, 0.04, 0.04, 0.04, 0.04, 0.04, 0.03, 0.03, 0.03, 0.03, 0.03, 0.03, 0.03, 0.03, 0.03, 0.03, 0.03, 0.03, 0.03, 0.02, 0.02, 0.02, 0.02, 0.02, 0.02, 0.02, 0.02, 0.02, 0.01, 0.01, 0.01, 0.01, 0.01, 0.01, 0.01, 0.01, 0.01, 0.01, 0.01, 0.01, 0.01, 0.01, 0.0, 0.0, 0.0, 0.0, 0.0, 0.0, 0.0, 0.0, 0.0, 0.0]
viper detection rate (TP/(TP+FN)):      0.257931034483
viper false alarm (FP/(FP+TN)):        0.428571428571
viper mean ranking:        [25.6, 501.05, 9398.95, 74.4]
viper std ranking:         [7.67, 182.3, 182.3, 7.67]


name_of_experiment:         experiment 8_1: train only then save on each dataset [prid450, grid]. load, retrain and test=viper
file_name:                  experiments_thesis.py
date:                       08/08/2017   07:59:16
duration:                   2736.523807
viper mean tp,fp,tn,fn:    [0.1, 0.17, 0.23, 0.28, 0.32, 0.35, 0.4, 0.43, 0.46, 0.48, 0.51, 0.53, 0.55, 0.57, 0.59, 0.61, 0.62, 0.63, 0.64, 0.66, 0.67, 0.68, 0.7, 0.71, 0.72, 0.73, 0.74, 0.75, 0.76, 0.77, 0.78, 0.79, 0.8, 0.81, 0.81, 0.82, 0.83, 0.83, 0.84, 0.84, 0.85, 0.85, 0.86, 0.86, 0.87, 0.87, 0.87, 0.88, 0.88, 0.89, 0.89, 0.9, 0.9, 0.91, 0.91, 0.91, 0.92, 0.92, 0.93, 0.93, 0.93, 0.93, 0.94, 0.94, 0.94, 0.94, 0.94, 0.95, 0.95, 0.95, 0.95, 0.96, 0.96, 0.96, 0.97, 0.97, 0.97, 0.97, 0.97, 0.98, 0.98, 0.98, 0.98, 0.98, 0.98, 0.98, 0.98, 0.99, 0.99, 0.99, 0.99, 0.99, 0.99, 0.99, 1.0, 1.0, 1.0, 1.0, 1.0, 1.0]
viper std tp,fp,tn,fn:     [0.05, 0.07, 0.09, 0.1, 0.11, 0.11, 0.13, 0.13, 0.13, 0.13, 0.13, 0.13, 0.14, 0.14, 0.14, 0.15, 0.15, 0.15, 0.15, 0.15, 0.15, 0.15, 0.15, 0.15, 0.16, 0.15, 0.15, 0.15, 0.15, 0.15, 0.14, 0.14, 0.14, 0.14, 0.14, 0.14, 0.14, 0.14, 0.13, 0.13, 0.12, 0.13, 0.12, 0.12, 0.12, 0.12, 0.12, 0.12, 0.12, 0.12, 0.12, 0.12, 0.11, 0.1, 0.1, 0.1, 0.1, 0.1, 0.1, 0.1, 0.1, 0.1, 0.1, 0.1, 0.09, 0.09, 0.09, 0.09, 0.08, 0.08, 0.08, 0.07, 0.07, 0.06, 0.06, 0.05, 0.05, 0.05, 0.05, 0.04, 0.04, 0.04, 0.04, 0.03, 0.03, 0.03, 0.03, 0.03, 0.03, 0.02, 0.02, 0.02, 0.02, 0.02, 0.01, 0.01, 0.01, 0.01, 0.0, 0.0]
viper detection rate (TP/(TP+FN)):      0.261620185923
viper false alarm (FP/(FP+TN)):        0.42202970297
viper mean ranking:        [25.9, 475.35, 9424.65, 74.1]
viper std ranking:         [13.87, 306.65, 306.65, 13.87]


name_of_experiment:         experiment 8_2: train only then save on each dataset [grid, viper]. load, retrain and test=prid450
file_name:                  experiments_thesis.py
date:                       08/08/2017   09:41:40
duration:                   1814.107907
prid450 mean tp,fp,tn,fn:    [0.14, 0.22, 0.29, 0.34, 0.39, 0.42, 0.46, 0.49, 0.52, 0.54, 0.56, 0.57, 0.6, 0.61, 0.63, 0.65, 0.67, 0.68, 0.69, 0.71, 0.72, 0.73, 0.74, 0.76, 0.77, 0.78, 0.79, 0.8, 0.81, 0.81, 0.82, 0.82, 0.83, 0.84, 0.85, 0.85, 0.86, 0.86, 0.87, 0.88, 0.88, 0.89, 0.89, 0.9, 0.91, 0.91, 0.92, 0.92, 0.93, 0.93, 0.93, 0.94, 0.94, 0.94, 0.94, 0.95, 0.95, 0.96, 0.96, 0.96, 0.96, 0.96, 0.97, 0.97, 0.97, 0.97, 0.98, 0.98, 0.98, 0.98, 0.98, 0.98, 0.98, 0.98, 0.98, 0.99, 0.99, 0.99, 0.99, 0.99, 0.99, 0.99, 0.99, 0.99, 0.99, 1.0, 1.0, 1.0, 1.0, 1.0, 1.0, 1.0, 1.0, 1.0, 1.0, 1.0, 1.0, 1.0, 1.0, 1.0]
prid450 std tp,fp,tn,fn:     [0.05, 0.06, 0.06, 0.06, 0.07, 0.07, 0.07, 0.07, 0.07, 0.07, 0.07, 0.07, 0.06, 0.06, 0.06, 0.06, 0.06, 0.06, 0.06, 0.06, 0.05, 0.05, 0.05, 0.05, 0.05, 0.05, 0.05, 0.05, 0.05, 0.05, 0.05, 0.04, 0.04, 0.04, 0.04, 0.04, 0.04, 0.04, 0.04, 0.04, 0.04, 0.04, 0.04, 0.04, 0.04, 0.04, 0.04, 0.03, 0.03, 0.03, 0.03, 0.02, 0.02, 0.02, 0.02, 0.02, 0.02, 0.02, 0.02, 0.02, 0.02, 0.02, 0.02, 0.02, 0.02, 0.02, 0.02, 0.01, 0.01, 0.01, 0.01, 0.01, 0.01, 0.01, 0.01, 0.01, 0.01, 0.01, 0.01, 0.01, 0.01, 0.01, 0.01, 0.01, 0.01, 0.01, 0.01, 0.01, 0.01, 0.01, 0.0, 0.0, 0.0, 0.0, 0.0, 0.0, 0.0, 0.0, 0.0, 0.0]
prid450 detection rate (TP/(TP+FN)):      0.295336787565
prid450 false alarm (FP/(FP+TN)):        0.433628318584
prid450 mean ranking:        [26.3, 428.0, 9472.0, 73.7]
prid450 std ranking:         [13.2, 310.83, 310.83, 13.2]


name_of_experiment:         experiment 10_0_1: video_head_type=3d_convolution on prid2011, no batchnorm
file_name:                  siamese_cnn_video.pyc
date:                       10/08/2017   13:13:25
duration:                   160200.280895
prid2011 mean tp,fp,tn,fn:    [17.2, 12.2, 857.8, 12.8]
prid2011 std tp,fp,tn,fn:     [9.0, 11.75, 11.75, 9.0]
prid2011 detection rate (TP/(TP+FN)):      0.573333333333
prid2011 false alarm (FP/(FP+TN)):        0.0140229885057
prid2011 mean ranking:        [0.76, 0.8, 0.82, 0.84, 0.87, 0.89, 0.9, 0.92, 0.92, 0.93, 0.93, 0.93, 0.93, 0.93, 0.95, 0.95, 0.95, 0.96, 0.97, 0.97, 0.97, 0.97, 0.97, 0.97, 0.97, 0.99, 0.99, 0.99, 0.99, 1.0]
prid2011 std ranking:         [0.08, 0.11, 0.1, 0.1, 0.08, 0.06, 0.07, 0.06, 0.06, 0.05, 0.05, 0.05, 0.05, 0.05, 0.05, 0.04, 0.04, 0.03, 0.03, 0.03, 0.03, 0.03, 0.03, 0.03, 0.03, 0.03, 0.03, 0.03, 0.01, 0.0]
prid2011 G mean tp,fp,tn,fn:    [17.2, 4.8, 265.2, 12.8]
prid2011 G std tp,fp,tn,fn:     [9.0, 3.97, 3.97, 9.0]


name_of_experiment:         experiment 6_2_0: train only=[grid, prid450], with batchnorm, mix then retrain on test=viper
file_name:                  experiments_thesis.py
date:                       14/08/2017   11:39:16
duration:                   2723.249912
viper mean tp,fp,tn,fn:    [0.1, 0.17, 0.23, 0.27, 0.32, 0.36, 0.4, 0.43, 0.46, 0.49, 0.51, 0.54, 0.56, 0.58, 0.61, 0.62, 0.64, 0.66, 0.68, 0.69, 0.71, 0.72, 0.73, 0.74, 0.75, 0.76, 0.77, 0.78, 0.79, 0.8, 0.81, 0.82, 0.82, 0.83, 0.84, 0.85, 0.86, 0.86, 0.87, 0.87, 0.88, 0.88, 0.89, 0.89, 0.9, 0.9, 0.91, 0.91, 0.92, 0.92, 0.92, 0.93, 0.93, 0.93, 0.94, 0.94, 0.94, 0.94, 0.95, 0.95, 0.95, 0.95, 0.96, 0.96, 0.96, 0.96, 0.97, 0.97, 0.97, 0.97, 0.97, 0.97, 0.97, 0.98, 0.98, 0.98, 0.98, 0.98, 0.99, 0.99, 0.99, 0.99, 0.99, 0.99, 0.99, 0.99, 0.99, 1.0, 1.0, 1.0, 1.0, 1.0, 1.0, 1.0, 1.0, 1.0, 1.0, 1.0, 1.0, 1.0]
viper std tp,fp,tn,fn:     [0.03, 0.05, 0.06, 0.07, 0.07, 0.08, 0.08, 0.08, 0.09, 0.08, 0.08, 0.09, 0.09, 0.08, 0.09, 0.09, 0.09, 0.09, 0.09, 0.09, 0.08, 0.08, 0.09, 0.09, 0.08, 0.08, 0.08, 0.08, 0.08, 0.08, 0.08, 0.08, 0.08, 0.08, 0.08, 0.08, 0.07, 0.07, 0.07, 0.07, 0.07, 0.07, 0.06, 0.06, 0.06, 0.06, 0.05, 0.05, 0.05, 0.05, 0.05, 0.04, 0.04, 0.04, 0.04, 0.04, 0.04, 0.04, 0.04, 0.04, 0.04, 0.04, 0.03, 0.03, 0.03, 0.03, 0.03, 0.03, 0.03, 0.03, 0.03, 0.03, 0.03, 0.02, 0.02, 0.02, 0.02, 0.02, 0.01, 0.01, 0.01, 0.01, 0.01, 0.01, 0.01, 0.01, 0.01, 0.01, 0.0, 0.0, 0.0, 0.0, 0.0, 0.0, 0.0, 0.0, 0.0, 0.0, 0.0, 0.0]
viper detection rate (TP/(TP+FN)):      0.266846361186
viper false alarm (FP/(FP+TN)):        0.423815620999
viper mean ranking:        [26.85, 516.55, 9383.45, 73.15]
viper std ranking:         [10.48, 239.37, 239.37, 10.48]


name_of_experiment:         experiment 6_2_1: train only=[viper, prid450], with batchnorm, mix then retrain on test=grid
file_name:                  experiments_thesis.py
date:                       14/08/2017   13:19:39
duration:                   850.653207
grid mean tp,fp,tn,fn:    [0.13, 0.2, 0.27, 0.33, 0.38, 0.43, 0.47, 0.51, 0.53, 0.57, 0.59, 0.62, 0.64, 0.66, 0.69, 0.7, 0.72, 0.74, 0.75, 0.76, 0.77, 0.79, 0.8, 0.81, 0.82, 0.83, 0.84, 0.84, 0.85, 0.86, 0.87, 0.87, 0.88, 0.89, 0.9, 0.9, 0.91, 0.91, 0.92, 0.92, 0.93, 0.93, 0.93, 0.93, 0.94, 0.94, 0.94, 0.95, 0.95, 0.95, 0.96, 0.96, 0.96, 0.96, 0.96, 0.96, 0.96, 0.97, 0.97, 0.97, 0.97, 0.97, 0.97, 0.97, 0.97, 0.97, 0.98, 0.98, 0.98, 0.98, 0.98, 0.98, 0.98, 0.99, 0.99, 0.99, 0.99, 0.99, 0.99, 0.99, 0.99, 0.99, 0.99, 0.99, 1.0, 1.0, 1.0, 1.0, 1.0, 1.0, 1.0, 1.0, 1.0, 1.0, 1.0, 1.0, 1.0, 1.0, 1.0, 1.0]
grid std tp,fp,tn,fn:     [0.03, 0.04, 0.03, 0.03, 0.04, 0.04, 0.04, 0.05, 0.05, 0.05, 0.05, 0.05, 0.05, 0.05, 0.05, 0.05, 0.04, 0.05, 0.05, 0.05, 0.05, 0.05, 0.05, 0.04, 0.04, 0.04, 0.04, 0.04, 0.04, 0.04, 0.04, 0.04, 0.03, 0.03, 0.03, 0.03, 0.03, 0.03, 0.03, 0.03, 0.03, 0.03, 0.02, 0.02, 0.02, 0.02, 0.02, 0.02, 0.02, 0.02, 0.02, 0.02, 0.02, 0.02, 0.02, 0.02, 0.02, 0.02, 0.02, 0.01, 0.01, 0.01, 0.01, 0.01, 0.01, 0.01, 0.01, 0.01, 0.01, 0.01, 0.01, 0.01, 0.01, 0.01, 0.01, 0.01, 0.01, 0.01, 0.01, 0.01, 0.01, 0.01, 0.01, 0.01, 0.01, 0.01, 0.01, 0.01, 0.01, 0.01, 0.01, 0.01, 0.01, 0.01, 0.0, 0.0, 0.0, 0.0, 0.0, 0.0]
grid detection rate (TP/(TP+FN)):      0.28026172301
grid false alarm (FP/(FP+TN)):        0.420996818664
grid mean ranking:        [19.85, 282.05, 9617.95, 80.15]
grid std ranking:         [10.34, 206.17, 206.17, 10.34]


name_of_experiment:         experiment 6_2_2: train only=[viper, grid], with batchnorm, mix then retrain on test=prid450
file_name:                  experiments_thesis.py
date:                       14/08/2017   14:59:16
duration:                   1770.131634
prid450 mean tp,fp,tn,fn:    [0.13, 0.21, 0.27, 0.33, 0.37, 0.41, 0.44, 0.47, 0.5, 0.53, 0.55, 0.57, 0.59, 0.61, 0.63, 0.64, 0.66, 0.67, 0.68, 0.7, 0.71, 0.72, 0.73, 0.74, 0.76, 0.77, 0.78, 0.78, 0.79, 0.8, 0.81, 0.82, 0.83, 0.84, 0.85, 0.85, 0.86, 0.87, 0.87, 0.87, 0.88, 0.88, 0.89, 0.9, 0.9, 0.91, 0.92, 0.92, 0.92, 0.93, 0.93, 0.94, 0.94, 0.94, 0.94, 0.95, 0.95, 0.95, 0.95, 0.96, 0.96, 0.96, 0.97, 0.97, 0.97, 0.98, 0.98, 0.98, 0.98, 0.98, 0.98, 0.99, 0.99, 0.99, 0.99, 0.99, 0.99, 0.99, 0.99, 0.99, 0.99, 1.0, 1.0, 1.0, 1.0, 1.0, 1.0, 1.0, 1.0, 1.0, 1.0, 1.0, 1.0, 1.0, 1.0, 1.0, 1.0, 1.0, 1.0, 1.0]
prid450 std tp,fp,tn,fn:     [0.03, 0.04, 0.05, 0.05, 0.05, 0.06, 0.05, 0.06, 0.05, 0.05, 0.05, 0.05, 0.05, 0.05, 0.04, 0.04, 0.04, 0.05, 0.05, 0.05, 0.05, 0.05, 0.05, 0.05, 0.04, 0.04, 0.04, 0.04, 0.03, 0.04, 0.04, 0.03, 0.03, 0.03, 0.03, 0.03, 0.03, 0.02, 0.02, 0.02, 0.02, 0.02, 0.02, 0.02, 0.02, 0.02, 0.02, 0.02, 0.02, 0.02, 0.02, 0.02, 0.02, 0.02, 0.02, 0.02, 0.02, 0.02, 0.02, 0.02, 0.02, 0.02, 0.01, 0.01, 0.01, 0.01, 0.01, 0.01, 0.01, 0.01, 0.01, 0.01, 0.01, 0.01, 0.01, 0.01, 0.01, 0.01, 0.01, 0.01, 0.01, 0.01, 0.01, 0.01, 0.0, 0.0, 0.0, 0.0, 0.0, 0.0, 0.0, 0.0, 0.0, 0.0, 0.0, 0.0, 0.0, 0.0, 0.0, 0.0]
prid450 detection rate (TP/(TP+FN)):      0.29207383279
prid450 false alarm (FP/(FP+TN)):        0.435185185185
prid450 mean ranking:        [24.75, 420.45, 9479.55, 75.25]
prid450 std ranking:         [9.11, 201.02, 201.02, 9.11]


name_of_experiment:         experiment 9_5: train only then save on each dataset [prid450, viper]. load, retrain and test=grid
file_name:                  experiments_thesis.py
date:                       14/08/2017   16:46:58
duration:                   934.928931
grid mean tp,fp,tn,fn:    [0.14, 0.22, 0.29, 0.34, 0.4, 0.44, 0.48, 0.52, 0.55, 0.58, 0.62, 0.64, 0.66, 0.68, 0.7, 0.73, 0.75, 0.76, 0.78, 0.79, 0.8, 0.81, 0.82, 0.83, 0.84, 0.85, 0.86, 0.87, 0.88, 0.89, 0.9, 0.9, 0.91, 0.91, 0.92, 0.92, 0.93, 0.93, 0.94, 0.94, 0.94, 0.95, 0.95, 0.95, 0.95, 0.96, 0.96, 0.96, 0.96, 0.97, 0.97, 0.97, 0.97, 0.97, 0.97, 0.98, 0.98, 0.98, 0.98, 0.98, 0.98, 0.98, 0.98, 0.98, 0.98, 0.98, 0.99, 0.99, 0.99, 0.99, 0.99, 0.99, 0.99, 0.99, 0.99, 0.99, 0.99, 0.99, 0.99, 0.99, 1.0, 1.0, 1.0, 1.0, 1.0, 1.0, 1.0, 1.0, 1.0, 1.0, 1.0, 1.0, 1.0, 1.0, 1.0, 1.0, 1.0, 1.0, 1.0, 1.0]
grid std tp,fp,tn,fn:     [0.03, 0.05, 0.06, 0.06, 0.07, 0.06, 0.07, 0.07, 0.07, 0.07, 0.07, 0.07, 0.06, 0.07, 0.07, 0.06, 0.06, 0.06, 0.06, 0.05, 0.05, 0.04, 0.04, 0.04, 0.04, 0.04, 0.04, 0.03, 0.03, 0.03, 0.03, 0.03, 0.03, 0.03, 0.02, 0.02, 0.02, 0.02, 0.02, 0.02, 0.02, 0.02, 0.02, 0.02, 0.02, 0.02, 0.02, 0.02, 0.01, 0.01, 0.01, 0.01, 0.01, 0.01, 0.01, 0.01, 0.01, 0.01, 0.01, 0.01, 0.01, 0.01, 0.01, 0.01, 0.01, 0.01, 0.01, 0.01, 0.01, 0.01, 0.01, 0.01, 0.01, 0.01, 0.01, 0.01, 0.01, 0.01, 0.01, 0.01, 0.01, 0.01, 0.0, 0.0, 0.0, 0.0, 0.0, 0.0, 0.0, 0.0, 0.0, 0.0, 0.0, 0.0, 0.0, 0.0, 0.0, 0.0, 0.0, 0.0]
grid detection rate (TP/(TP+FN)):      0.284079084287
grid false alarm (FP/(FP+TN)):        0.436826640548
grid mean ranking:        [18.9, 231.65, 9668.35, 81.1]
grid std ranking:         [8.59, 167.81, 167.81, 8.59]


name_of_experiment:         experiment 10_0_1: video_head_type=3d_convolution on prid2011, no batchnorm
file_name:                  siamese_cnn_video.pyc
date:                       14/08/2017   22:54:11
duration:                   22029.345837
prid2011 mean tp,fp,tn,fn:    [21.4, 46.0, 824.0, 8.6]
prid2011 std tp,fp,tn,fn:     [4.45, 30.44, 30.44, 4.45]
prid2011 detection rate (TP/(TP+FN)):      0.713333333333
prid2011 false alarm (FP/(FP+TN)):        0.0528735632184
prid2011 mean ranking:        [0.69, 0.77, 0.79, 0.82, 0.85, 0.87, 0.88, 0.88, 0.89, 0.89, 0.89, 0.9, 0.9, 0.91, 0.91, 0.91, 0.91, 0.92, 0.93, 0.94, 0.94, 0.94, 0.95, 0.96, 0.96, 0.96, 0.97, 0.99, 1.0, 1.0]
prid2011 std ranking:         [0.2, 0.2, 0.18, 0.18, 0.18, 0.16, 0.16, 0.16, 0.17, 0.16, 0.16, 0.14, 0.14, 0.13, 0.13, 0.13, 0.13, 0.12, 0.09, 0.09, 0.09, 0.09, 0.07, 0.05, 0.05, 0.05, 0.04, 0.01, 0.0, 0.0]
prid2011 G mean tp,fp,tn,fn:    [21.4, 14.0, 256.0, 8.6]
prid2011 G std tp,fp,tn,fn:     [4.45, 12.28, 12.28, 4.45]

