aug 0_0: with positive data augmentation. train+test on viper. neural distance=absolute
aug 0_1: with positive data augmentation. train+test on grid. neural distance=absolute
aug 0_2: with positive data augmentation. train+test on prid450. neural distance=absolute
aug 1_0: with positive data augmentation. train+test on viper. neural distance=concatenate
aug 1_1: with positive data augmentation. train+test on grid. neural distance=concatenate
aug 1_2: with positive data augmentation. train+test on prid450. neural distance=concatenate


32.25, 480.5, 9419.5, 67.75
20.45, 136.95, 9763.05, 79.55
32.5, 210.25, 9689.75, 67.5
45.5, 1101.3, 8798.7, 54.5
58.3, 694.1, 9205.9, 41.7
43.45, 701.2, 9198.8, 56.55


0.15, 0.23, 0.3, 0.35, 0.4, 0.44, 0.49, 0.52, 0.54, 0.56, 0.59, 0.61, 0.62, 0.64, 0.66, 0.67, 0.67, 0.69, 0.7, 0.71, 0.72, 0.73, 0.74, 0.75, 0.76, 0.77, 0.78, 0.79, 0.8, 0.81, 0.82, 0.82, 0.83, 0.84, 0.84, 0.85, 0.86, 0.86, 0.87, 0.87, 0.88, 0.89, 0.89, 0.9, 0.9, 0.9, 0.91, 0.91, 0.92, 0.92, 0.92, 0.93, 0.93, 0.93, 0.94, 0.94, 0.94, 0.94, 0.95, 0.95, 0.95, 0.96, 0.96, 0.96, 0.96, 0.96, 0.97, 0.97, 0.97, 0.97, 0.97, 0.97, 0.97, 0.98, 0.98, 0.98, 0.98, 0.98, 0.98, 0.98, 0.99, 0.99, 0.99, 0.99, 0.99, 0.99, 0.99, 0.99, 0.99, 1.0, 1.0, 1.0, 1.0, 1.0, 1.0, 1.0, 1.0, 1.0, 1.0, 1.0
0.2, 0.31, 0.38, 0.44, 0.49, 0.53, 0.57, 0.6, 0.63, 0.66, 0.68, 0.7, 0.72, 0.73, 0.74, 0.76, 0.78, 0.79, 0.8, 0.81, 0.82, 0.83, 0.84, 0.85, 0.85, 0.86, 0.86, 0.87, 0.88, 0.88, 0.89, 0.89, 0.9, 0.9, 0.9, 0.9, 0.91, 0.91, 0.91, 0.92, 0.92, 0.93, 0.93, 0.93, 0.94, 0.94, 0.94, 0.94, 0.95, 0.95, 0.95, 0.95, 0.96, 0.96, 0.96, 0.96, 0.96, 0.97, 0.97, 0.97, 0.97, 0.98, 0.98, 0.98, 0.98, 0.98, 0.98, 0.98, 0.98, 0.99, 0.99, 0.99, 0.99, 0.99, 0.99, 0.99, 0.99, 0.99, 0.99, 0.99, 0.99, 0.99, 0.99, 0.99, 0.99, 0.99, 0.99, 0.99, 0.99, 1.0, 1.0, 1.0, 1.0, 1.0, 1.0, 1.0, 1.0, 1.0, 1.0, 1.0
0.26, 0.38, 0.46, 0.51, 0.56, 0.6, 0.62, 0.65, 0.67, 0.7, 0.72, 0.74, 0.75, 0.77, 0.78, 0.79, 0.79, 0.81, 0.82, 0.82, 0.83, 0.83, 0.84, 0.85, 0.86, 0.86, 0.87, 0.88, 0.88, 0.88, 0.89, 0.89, 0.9, 0.9, 0.91, 0.92, 0.92, 0.93, 0.93, 0.93, 0.94, 0.94, 0.94, 0.95, 0.95, 0.95, 0.95, 0.96, 0.96, 0.96, 0.97, 0.97, 0.97, 0.97, 0.97, 0.97, 0.97, 0.98, 0.98, 0.98, 0.98, 0.98, 0.98, 0.98, 0.99, 0.99, 0.99, 0.99, 0.99, 0.99, 0.99, 0.99, 0.99, 0.99, 0.99, 0.99, 0.99, 1.0, 1.0, 1.0, 1.0, 1.0, 1.0, 1.0, 1.0, 1.0, 1.0, 1.0, 1.0, 1.0, 1.0, 1.0, 1.0, 1.0, 1.0, 1.0, 1.0, 1.0, 1.0, 1.0
0.1, 0.16, 0.22, 0.26, 0.3, 0.34, 0.37, 0.41, 0.44, 0.47, 0.5, 0.53, 0.56, 0.57, 0.6, 0.61, 0.63, 0.65, 0.66, 0.68, 0.69, 0.7, 0.72, 0.73, 0.74, 0.75, 0.76, 0.77, 0.78, 0.79, 0.8, 0.81, 0.81, 0.82, 0.83, 0.83, 0.84, 0.85, 0.86, 0.86, 0.87, 0.87, 0.88, 0.88, 0.88, 0.89, 0.89, 0.9, 0.9, 0.9, 0.91, 0.91, 0.92, 0.92, 0.93, 0.93, 0.94, 0.94, 0.94, 0.95, 0.95, 0.95, 0.95, 0.95, 0.96, 0.96, 0.96, 0.96, 0.96, 0.97, 0.97, 0.97, 0.97, 0.97, 0.98, 0.98, 0.98, 0.98, 0.98, 0.98, 0.99, 0.99, 0.99, 0.99, 0.99, 0.99, 0.99, 0.99, 0.99, 1.0, 1.0, 1.0, 1.0, 1.0, 1.0, 1.0, 1.0, 1.0, 1.0, 1.0
0.17, 0.28, 0.37, 0.43, 0.49, 0.54, 0.57, 0.6, 0.63, 0.67, 0.69, 0.72, 0.74, 0.75, 0.77, 0.78, 0.79, 0.8, 0.82, 0.83, 0.84, 0.85, 0.86, 0.87, 0.88, 0.88, 0.89, 0.89, 0.9, 0.9, 0.91, 0.91, 0.92, 0.92, 0.93, 0.93, 0.94, 0.94, 0.94, 0.95, 0.95, 0.95, 0.95, 0.96, 0.96, 0.96, 0.97, 0.97, 0.97, 0.97, 0.97, 0.98, 0.98, 0.98, 0.98, 0.98, 0.98, 0.98, 0.98, 0.98, 0.98, 0.98, 0.99, 0.99, 0.99, 0.99, 0.99, 0.99, 0.99, 0.99, 1.0, 1.0, 1.0, 1.0, 1.0, 1.0, 1.0, 1.0, 1.0, 1.0, 1.0, 1.0, 1.0, 1.0, 1.0, 1.0, 1.0, 1.0, 1.0, 1.0, 1.0, 1.0, 1.0, 1.0, 1.0, 1.0, 1.0, 1.0, 1.0, 1.0
0.14, 0.22, 0.28, 0.33, 0.38, 0.43, 0.46, 0.49, 0.52, 0.54, 0.56, 0.58, 0.61, 0.63, 0.65, 0.66, 0.69, 0.7, 0.71, 0.73, 0.74, 0.75, 0.76, 0.77, 0.79, 0.79, 0.81, 0.81, 0.82, 0.83, 0.84, 0.85, 0.85, 0.86, 0.87, 0.87, 0.88, 0.89, 0.89, 0.9, 0.9, 0.91, 0.91, 0.91, 0.92, 0.93, 0.93, 0.93, 0.93, 0.93, 0.94, 0.94, 0.95, 0.95, 0.95, 0.96, 0.96, 0.96, 0.96, 0.97, 0.97, 0.97, 0.97, 0.98, 0.98, 0.98, 0.98, 0.98, 0.98, 0.98, 0.98, 0.98, 0.99, 0.99, 0.99, 0.99, 0.99, 0.99, 0.99, 0.99, 1.0, 1.0, 1.0, 1.0, 1.0, 1.0, 1.0, 1.0, 1.0, 1.0, 1.0, 1.0, 1.0, 1.0, 1.0, 1.0, 1.0, 1.0, 1.0, 1.0
