experiment 10_0_0: video_head_type=3d_convolution on ilids. no batchnorm
experiment 10_0_1: video_head_type=3d_convolution on prid2011. no batchnorm
experiment 10_1_0: video_head_type=3d_convolution on ilids. with batchnorm
experiment 10_1_1: video_head_type=3d_convolution on prid2011. with batchnorm
experiment 10_2_0: video_head_type=cnn_lstm on ilids
experiment 10_2_1: video_head_type=cnn_lstm on prid2011

15.0, 62.6, 807.4, 15.0
17.2, 12.2, 857.8, 12.8
16.0, 38.8, 831.2, 14.0
25.0, 18.2, 851.8, 5.0
8.2, 59.0, 811.0, 21.8
14.4, 45.4, 824.6, 15.6


0.43, 0.54, 0.62, 0.65, 0.67, 0.71, 0.74, 0.75, 0.77, 0.81, 0.82, 0.84, 0.86, 0.87, 0.89, 0.9, 0.91, 0.91, 0.92, 0.93, 0.95, 0.95, 0.96, 0.97, 0.97, 0.99, 0.99, 0.99, 0.99, 1.0
0.76, 0.8, 0.82, 0.84, 0.87, 0.89, 0.9, 0.92, 0.92, 0.93, 0.93, 0.93, 0.93, 0.93, 0.95, 0.95, 0.95, 0.96, 0.97, 0.97, 0.97, 0.97, 0.97, 0.97, 0.97, 0.99, 0.99, 0.99, 0.99, 1.0
0.46, 0.65, 0.73, 0.77, 0.81, 0.83, 0.86, 0.89, 0.91, 0.93, 0.93, 0.95, 0.96, 0.96, 0.97, 0.97, 0.99, 0.99, 0.99, 0.99, 0.99, 0.99, 0.99, 0.99, 0.99, 0.99, 0.99, 0.99, 0.99, 1.0
0.79, 0.85, 0.87, 0.89, 0.91, 0.93, 0.93, 0.94, 0.94, 0.95, 0.96, 0.97, 0.97, 0.97, 0.97, 0.97, 0.97, 0.98, 0.98, 0.98, 0.98, 0.99, 0.99, 0.99, 0.99, 0.99, 0.99, 0.99, 1.0, 1.0
0.18, 0.26, 0.38, 0.43, 0.51, 0.55, 0.61, 0.66, 0.69, 0.74, 0.79, 0.84, 0.85, 0.86, 0.87, 0.9, 0.91, 0.93, 0.94, 0.95, 0.95, 0.96, 0.98, 0.99, 1.0, 1.0, 1.0, 1.0, 1.0, 1.0
0.39, 0.54, 0.62, 0.68, 0.7, 0.72, 0.76, 0.79, 0.81, 0.83, 0.85, 0.86, 0.87, 0.87, 0.89, 0.89, 0.92, 0.93, 0.93, 0.95, 0.95, 0.95, 0.95, 0.97, 0.97, 0.97, 0.98, 0.98, 1.0, 1.0