experiment 9_0: train only then save on each dataset [grid. prid450]. load. retrain and test=viper
experiment 9_1: train only then save on each dataset [prid450. grid]. load. retrain and test=viper
experiment 9_2: train only then save on each dataset [grid. viper]. load. retrain and test=prid450
experiment 9_3: train only then save on each dataset [viper. grid]. load. retrain and test=prid450
experiment 9_4: train only then save on each dataset [viper. prid450]. load. retrain and test=grid
experiment 9_5: train only then save on each dataset [prid450. viper]. load. retrain and test=grid


21.75, 499.1, 9400.9, 78.25
27.7, 561.3, 9338.7, 72.3
21.2, 320.7, 9579.3, 78.8
22.85, 347.15, 9552.85, 77.15
18.45, 245.4, 9654.6, 81.55
18.9, 231.65, 9668.35, 81.1


0.09, 0.15, 0.21, 0.26, 0.3, 0.33, 0.36, 0.39, 0.42, 0.45, 0.48, 0.5, 0.51, 0.53, 0.55, 0.57, 0.58, 0.6, 0.61, 0.63, 0.65, 0.66, 0.68, 0.69, 0.7, 0.71, 0.72, 0.73, 0.74, 0.75, 0.76, 0.77, 0.78, 0.79, 0.8, 0.8, 0.81, 0.82, 0.83, 0.83, 0.84, 0.84, 0.85, 0.86, 0.86, 0.87, 0.87, 0.88, 0.88, 0.89, 0.89, 0.9, 0.9, 0.91, 0.91, 0.92, 0.92, 0.93, 0.93, 0.93, 0.93, 0.94, 0.94, 0.94, 0.94, 0.95, 0.95, 0.95, 0.96, 0.96, 0.96, 0.96, 0.96, 0.97, 0.97, 0.97, 0.97, 0.98, 0.98, 0.98, 0.98, 0.98, 0.98, 0.99, 0.99, 0.99, 0.99, 0.99, 0.99, 0.99, 0.99, 1.0, 1.0, 1.0, 1.0, 1.0, 1.0, 1.0, 1.0, 1.0
0.1, 0.17, 0.22, 0.28, 0.32, 0.35, 0.39, 0.43, 0.45, 0.48, 0.5, 0.53, 0.55, 0.57, 0.59, 0.6, 0.63, 0.64, 0.66, 0.67, 0.68, 0.69, 0.71, 0.72, 0.73, 0.74, 0.76, 0.77, 0.78, 0.79, 0.8, 0.81, 0.82, 0.82, 0.83, 0.84, 0.85, 0.85, 0.86, 0.86, 0.87, 0.88, 0.88, 0.89, 0.89, 0.9, 0.9, 0.91, 0.91, 0.92, 0.92, 0.93, 0.93, 0.93, 0.94, 0.94, 0.94, 0.95, 0.95, 0.95, 0.95, 0.96, 0.96, 0.96, 0.96, 0.97, 0.97, 0.97, 0.97, 0.97, 0.98, 0.98, 0.98, 0.98, 0.98, 0.99, 0.99, 0.99, 0.99, 0.99, 0.99, 0.99, 0.99, 0.99, 0.99, 0.99, 1.0, 1.0, 1.0, 1.0, 1.0, 1.0, 1.0, 1.0, 1.0, 1.0, 1.0, 1.0, 1.0, 1.0
0.14, 0.21, 0.28, 0.33, 0.38, 0.42, 0.45, 0.48, 0.5, 0.53, 0.55, 0.57, 0.59, 0.6, 0.63, 0.64, 0.66, 0.67, 0.69, 0.7, 0.72, 0.73, 0.74, 0.75, 0.76, 0.77, 0.78, 0.79, 0.8, 0.8, 0.81, 0.82, 0.82, 0.83, 0.84, 0.85, 0.85, 0.86, 0.87, 0.88, 0.89, 0.89, 0.9, 0.9, 0.91, 0.91, 0.92, 0.92, 0.93, 0.93, 0.94, 0.94, 0.94, 0.95, 0.95, 0.95, 0.96, 0.96, 0.96, 0.96, 0.96, 0.97, 0.97, 0.97, 0.97, 0.97, 0.98, 0.98, 0.98, 0.98, 0.98, 0.99, 0.99, 0.99, 0.99, 0.99, 0.99, 0.99, 0.99, 0.99, 0.99, 1.0, 1.0, 1.0, 1.0, 1.0, 1.0, 1.0, 1.0, 1.0, 1.0, 1.0, 1.0, 1.0, 1.0, 1.0, 1.0, 1.0, 1.0, 1.0
0.14, 0.24, 0.3, 0.35, 0.4, 0.43, 0.46, 0.5, 0.53, 0.55, 0.58, 0.61, 0.63, 0.64, 0.66, 0.68, 0.69, 0.71, 0.73, 0.74, 0.75, 0.76, 0.77, 0.78, 0.79, 0.8, 0.8, 0.81, 0.82, 0.83, 0.84, 0.85, 0.85, 0.86, 0.87, 0.88, 0.89, 0.89, 0.89, 0.9, 0.9, 0.9, 0.91, 0.91, 0.92, 0.92, 0.92, 0.93, 0.93, 0.93, 0.94, 0.94, 0.94, 0.95, 0.95, 0.95, 0.96, 0.96, 0.96, 0.96, 0.97, 0.97, 0.97, 0.97, 0.97, 0.98, 0.98, 0.98, 0.98, 0.98, 0.99, 0.99, 0.99, 0.99, 0.99, 0.99, 1.0, 1.0, 1.0, 1.0, 1.0, 1.0, 1.0, 1.0, 1.0, 1.0, 1.0, 1.0, 1.0, 1.0, 1.0, 1.0, 1.0, 1.0, 1.0, 1.0, 1.0, 1.0, 1.0, 1.0
0.13, 0.22, 0.29, 0.35, 0.39, 0.43, 0.47, 0.5, 0.53, 0.56, 0.59, 0.62, 0.65, 0.67, 0.69, 0.71, 0.73, 0.74, 0.75, 0.76, 0.78, 0.79, 0.8, 0.81, 0.82, 0.82, 0.83, 0.84, 0.85, 0.86, 0.87, 0.88, 0.88, 0.89, 0.89, 0.9, 0.9, 0.91, 0.91, 0.91, 0.92, 0.92, 0.93, 0.93, 0.93, 0.94, 0.94, 0.95, 0.95, 0.95, 0.96, 0.96, 0.96, 0.96, 0.96, 0.97, 0.97, 0.97, 0.97, 0.97, 0.97, 0.98, 0.98, 0.98, 0.98, 0.98, 0.98, 0.98, 0.98, 0.99, 0.99, 0.99, 0.99, 0.99, 0.99, 0.99, 0.99, 0.99, 0.99, 0.99, 1.0, 1.0, 1.0, 1.0, 1.0, 1.0, 1.0, 1.0, 1.0, 1.0, 1.0, 1.0, 1.0, 1.0, 1.0, 1.0, 1.0, 1.0, 1.0, 1.0
0.14, 0.22, 0.29, 0.34, 0.4, 0.44, 0.48, 0.52, 0.55, 0.58, 0.62, 0.64, 0.66, 0.68, 0.7, 0.73, 0.75, 0.76, 0.78, 0.79, 0.8, 0.81, 0.82, 0.83, 0.84, 0.85, 0.86, 0.87, 0.88, 0.89, 0.9, 0.9, 0.91, 0.91, 0.92, 0.92, 0.93, 0.93, 0.94, 0.94, 0.94, 0.95, 0.95, 0.95, 0.95, 0.96, 0.96, 0.96, 0.96, 0.97, 0.97, 0.97, 0.97, 0.97, 0.97, 0.98, 0.98, 0.98, 0.98, 0.98, 0.98, 0.98, 0.98, 0.98, 0.98, 0.98, 0.99, 0.99, 0.99, 0.99, 0.99, 0.99, 0.99, 0.99, 0.99, 0.99, 0.99, 0.99, 0.99, 0.99, 1.0, 1.0, 1.0, 1.0, 1.0, 1.0, 1.0, 1.0, 1.0, 1.0, 1.0, 1.0, 1.0, 1.0, 1.0, 1.0, 1.0, 1.0, 1.0, 1.0
