name_of_experiment:         aug 2_0: with positive data augmentation, train+test on viper, neural distance=add
file_name:                  siamese_cnn_image.pyc
date:                       14/08/2017   15:12:00
duration:                   19156.351020
viper mean tp,fp,tn,fn:    [39.4, 1400.45, 8499.55, 60.6]
viper std tp,fp,tn,fn:     [20.63, 1367.83, 1367.83, 20.63]
viper detection rate (TP/(TP+FN)):      0.394
viper false alarm (FP/(FP+TN)):        0.14145959596
viper mean ranking:        [0.09, 0.15, 0.2, 0.25, 0.29, 0.34, 0.37, 0.4, 0.44, 0.47, 0.49, 0.52, 0.53, 0.56, 0.58, 0.59, 0.6, 0.63, 0.64, 0.65, 0.67, 0.68, 0.69, 0.7, 0.71, 0.72, 0.73, 0.74, 0.76, 0.77, 0.78, 0.79, 0.8, 0.81, 0.82, 0.82, 0.83, 0.84, 0.84, 0.85, 0.86, 0.87, 0.87, 0.88, 0.89, 0.89, 0.89, 0.9, 0.9, 0.91, 0.91, 0.91, 0.92, 0.92, 0.93, 0.93, 0.93, 0.94, 0.94, 0.95, 0.95, 0.95, 0.95, 0.96, 0.96, 0.96, 0.96, 0.96, 0.97, 0.97, 0.97, 0.97, 0.97, 0.97, 0.98, 0.98, 0.98, 0.98, 0.98, 0.98, 0.98, 0.99, 0.99, 0.99, 0.99, 0.99, 0.99, 0.99, 0.99, 0.99, 1.0, 1.0, 1.0, 1.0, 1.0, 1.0, 1.0, 1.0, 1.0, 1.0]
viper std ranking:         [0.04, 0.05, 0.07, 0.08, 0.09, 0.09, 0.1, 0.11, 0.11, 0.12, 0.13, 0.13, 0.13, 0.13, 0.13, 0.13, 0.13, 0.13, 0.13, 0.13, 0.13, 0.13, 0.13, 0.13, 0.13, 0.13, 0.13, 0.13, 0.12, 0.12, 0.12, 0.11, 0.11, 0.11, 0.11, 0.11, 0.11, 0.1, 0.1, 0.1, 0.1, 0.1, 0.09, 0.09, 0.09, 0.09, 0.09, 0.09, 0.09, 0.08, 0.08, 0.08, 0.08, 0.08, 0.07, 0.07, 0.07, 0.07, 0.06, 0.06, 0.06, 0.05, 0.05, 0.05, 0.05, 0.05, 0.04, 0.04, 0.04, 0.04, 0.04, 0.04, 0.03, 0.03, 0.03, 0.03, 0.03, 0.03, 0.03, 0.02, 0.02, 0.02, 0.02, 0.02, 0.02, 0.02, 0.02, 0.01, 0.01, 0.01, 0.01, 0.01, 0.01, 0.01, 0.0, 0.0, 0.0, 0.0, 0.0, 0.0]
viper G mean tp,fp,tn,fn:    [39.4, 126.6, 773.4, 60.6]
viper G std tp,fp,tn,fn:     [20.63, 137.09, 137.09, 20.63]


name_of_experiment:         aug 2_1: with positive data augmentation, train+test on grid, neural distance=add
file_name:                  siamese_cnn_image.pyc
date:                       14/08/2017   16:36:22
duration:                   5056.567721
grid mean tp,fp,tn,fn:    [40.05, 1044.0, 8856.0, 59.95]
grid std tp,fp,tn,fn:     [12.16, 406.35, 406.35, 12.16]
grid detection rate (TP/(TP+FN)):      0.4005
grid false alarm (FP/(FP+TN)):        0.105454545455
grid mean ranking:        [0.08, 0.14, 0.19, 0.25, 0.3, 0.34, 0.38, 0.41, 0.43, 0.46, 0.48, 0.5, 0.52, 0.54, 0.57, 0.59, 0.61, 0.62, 0.64, 0.65, 0.66, 0.68, 0.69, 0.7, 0.71, 0.73, 0.73, 0.75, 0.76, 0.77, 0.78, 0.8, 0.8, 0.81, 0.82, 0.82, 0.83, 0.84, 0.84, 0.85, 0.86, 0.86, 0.86, 0.87, 0.88, 0.88, 0.89, 0.9, 0.9, 0.91, 0.91, 0.91, 0.92, 0.92, 0.93, 0.93, 0.93, 0.93, 0.94, 0.94, 0.94, 0.95, 0.95, 0.95, 0.95, 0.96, 0.96, 0.96, 0.96, 0.96, 0.96, 0.97, 0.97, 0.97, 0.97, 0.97, 0.97, 0.98, 0.98, 0.98, 0.98, 0.98, 0.98, 0.98, 0.98, 0.99, 0.99, 0.99, 0.99, 0.99, 0.99, 0.99, 0.99, 0.99, 0.99, 1.0, 1.0, 1.0, 1.0, 1.0]
grid std ranking:         [0.02, 0.04, 0.05, 0.05, 0.06, 0.06, 0.07, 0.08, 0.08, 0.08, 0.07, 0.08, 0.08, 0.08, 0.08, 0.08, 0.08, 0.08, 0.07, 0.07, 0.07, 0.07, 0.07, 0.07, 0.07, 0.07, 0.07, 0.07, 0.06, 0.06, 0.06, 0.07, 0.06, 0.06, 0.06, 0.06, 0.06, 0.05, 0.06, 0.05, 0.05, 0.05, 0.05, 0.05, 0.05, 0.04, 0.04, 0.04, 0.04, 0.04, 0.03, 0.03, 0.03, 0.03, 0.03, 0.03, 0.02, 0.02, 0.02, 0.02, 0.02, 0.02, 0.02, 0.02, 0.02, 0.02, 0.02, 0.02, 0.02, 0.02, 0.02, 0.02, 0.01, 0.01, 0.01, 0.02, 0.01, 0.01, 0.01, 0.01, 0.01, 0.01, 0.01, 0.01, 0.01, 0.01, 0.01, 0.01, 0.01, 0.01, 0.01, 0.01, 0.01, 0.01, 0.01, 0.0, 0.0, 0.0, 0.0, 0.0]
grid G mean tp,fp,tn,fn:    [40.05, 96.05, 803.95, 59.95]
grid G std tp,fp,tn,fn:     [12.16, 43.31, 43.31, 12.16]


name_of_experiment:         aug 2_2: with positive data augmentation, train+test on prid450, neural distance=add
file_name:                  siamese_cnn_image.pyc
date:                       14/08/2017   19:58:06
duration:                   12097.905881
prid450 mean tp,fp,tn,fn:    [35.8, 902.5, 8997.5, 64.2]
prid450 std tp,fp,tn,fn:     [13.64, 728.24, 728.24, 13.64]
prid450 detection rate (TP/(TP+FN)):      0.358
prid450 false alarm (FP/(FP+TN)):        0.0911616161616
prid450 mean ranking:        [0.12, 0.2, 0.27, 0.32, 0.37, 0.41, 0.45, 0.48, 0.5, 0.52, 0.54, 0.56, 0.58, 0.59, 0.61, 0.62, 0.64, 0.65, 0.66, 0.67, 0.68, 0.69, 0.7, 0.71, 0.73, 0.74, 0.75, 0.77, 0.78, 0.79, 0.8, 0.8, 0.81, 0.82, 0.83, 0.83, 0.84, 0.84, 0.85, 0.86, 0.86, 0.87, 0.88, 0.88, 0.89, 0.89, 0.9, 0.9, 0.9, 0.91, 0.91, 0.92, 0.92, 0.93, 0.93, 0.93, 0.94, 0.94, 0.94, 0.95, 0.95, 0.95, 0.96, 0.96, 0.96, 0.96, 0.96, 0.97, 0.97, 0.97, 0.97, 0.97, 0.98, 0.98, 0.98, 0.98, 0.98, 0.99, 0.99, 0.99, 0.99, 0.99, 0.99, 0.99, 0.99, 0.99, 0.99, 0.99, 1.0, 1.0, 1.0, 1.0, 1.0, 1.0, 1.0, 1.0, 1.0, 1.0, 1.0, 1.0]
prid450 std ranking:         [0.06, 0.08, 0.09, 0.1, 0.1, 0.11, 0.12, 0.12, 0.12, 0.12, 0.11, 0.12, 0.12, 0.12, 0.12, 0.12, 0.12, 0.12, 0.12, 0.12, 0.11, 0.11, 0.11, 0.11, 0.1, 0.11, 0.1, 0.1, 0.1, 0.1, 0.09, 0.09, 0.09, 0.09, 0.08, 0.08, 0.08, 0.08, 0.08, 0.08, 0.08, 0.08, 0.07, 0.07, 0.07, 0.07, 0.07, 0.07, 0.06, 0.06, 0.06, 0.06, 0.06, 0.06, 0.06, 0.05, 0.05, 0.05, 0.05, 0.04, 0.04, 0.04, 0.04, 0.04, 0.03, 0.03, 0.03, 0.03, 0.03, 0.03, 0.03, 0.03, 0.03, 0.02, 0.03, 0.02, 0.02, 0.02, 0.02, 0.02, 0.01, 0.01, 0.01, 0.01, 0.01, 0.01, 0.01, 0.01, 0.01, 0.01, 0.01, 0.01, 0.01, 0.01, 0.0, 0.0, 0.0, 0.0, 0.0, 0.0]
prid450 G mean tp,fp,tn,fn:    [35.8, 82.7, 817.3, 64.2]
prid450 G std tp,fp,tn,fn:     [13.64, 68.32, 68.32, 13.64]
