series of experiments where we augment the positive dataset by include identical pairs of images.
neural_distance=absolute
neural_distance=concatenate
on datasets {viper, grid, prid450}

name_of_experiment:         aug 0_0: with positive data augmentation, train+test on viper, neural distance=absolute
file_name:                  siamese_cnn_image.pyc
date:                       09/08/2017   17:31:42
duration:                   14830.245881
viper mean tp,fp,tn,fn:    [32.25, 480.5, 9419.5, 67.75]
viper std tp,fp,tn,fn:     [14.75, 254.07, 254.07, 14.75]
viper detection rate (TP/(TP+FN)):      0.3225
viper false alarm (FP/(FP+TN)):        0.0485353535354
viper mean ranking:        [0.15, 0.23, 0.3, 0.35, 0.4, 0.44, 0.49, 0.52, 0.54, 0.56, 0.59, 0.61, 0.62, 0.64, 0.66, 0.67, 0.67, 0.69, 0.7, 0.71, 0.72, 0.73, 0.74, 0.75, 0.76, 0.77, 0.78, 0.79, 0.8, 0.81, 0.82, 0.82, 0.83, 0.84, 0.84, 0.85, 0.86, 0.86, 0.87, 0.87, 0.88, 0.89, 0.89, 0.9, 0.9, 0.9, 0.91, 0.91, 0.92, 0.92, 0.92, 0.93, 0.93, 0.93, 0.94, 0.94, 0.94, 0.94, 0.95, 0.95, 0.95, 0.96, 0.96, 0.96, 0.96, 0.96, 0.97, 0.97, 0.97, 0.97, 0.97, 0.97, 0.97, 0.98, 0.98, 0.98, 0.98, 0.98, 0.98, 0.98, 0.99, 0.99, 0.99, 0.99, 0.99, 0.99, 0.99, 0.99, 0.99, 1.0, 1.0, 1.0, 1.0, 1.0, 1.0, 1.0, 1.0, 1.0, 1.0, 1.0]
viper std ranking:         [0.04, 0.07, 0.09, 0.1, 0.11, 0.12, 0.13, 0.14, 0.14, 0.15, 0.16, 0.16, 0.16, 0.17, 0.17, 0.17, 0.17, 0.17, 0.18, 0.18, 0.18, 0.17, 0.17, 0.17, 0.17, 0.17, 0.17, 0.17, 0.17, 0.17, 0.17, 0.17, 0.16, 0.16, 0.16, 0.15, 0.15, 0.15, 0.15, 0.15, 0.14, 0.14, 0.13, 0.13, 0.13, 0.13, 0.13, 0.13, 0.13, 0.13, 0.12, 0.11, 0.11, 0.1, 0.1, 0.1, 0.09, 0.09, 0.09, 0.09, 0.08, 0.08, 0.08, 0.08, 0.08, 0.07, 0.07, 0.07, 0.06, 0.06, 0.06, 0.05, 0.05, 0.05, 0.05, 0.04, 0.04, 0.04, 0.04, 0.04, 0.04, 0.04, 0.04, 0.03, 0.03, 0.03, 0.02, 0.02, 0.02, 0.01, 0.01, 0.01, 0.01, 0.01, 0.01, 0.0, 0.0, 0.0, 0.0, 0.0]
viper G mean tp,fp,tn,fn:    [32.25, 38.2, 861.8, 67.75]
viper G std tp,fp,tn,fn:     [14.75, 26.35, 26.35, 14.75]


name_of_experiment:         aug 0_1: with positive data augmentation, train+test on grid, neural distance=absolute
file_name:                  siamese_cnn_image.pyc
date:                       09/08/2017   18:28:54
duration:                   3380.907734
grid mean tp,fp,tn,fn:    [20.45, 136.95, 9763.05, 79.55]
grid std tp,fp,tn,fn:     [9.42, 85.72, 85.72, 9.42]
grid detection rate (TP/(TP+FN)):      0.2045
grid false alarm (FP/(FP+TN)):        0.0138333333333
grid mean ranking:        [0.2, 0.31, 0.38, 0.44, 0.49, 0.53, 0.57, 0.6, 0.63, 0.66, 0.68, 0.7, 0.72, 0.73, 0.74, 0.76, 0.78, 0.79, 0.8, 0.81, 0.82, 0.83, 0.84, 0.85, 0.85, 0.86, 0.86, 0.87, 0.88, 0.88, 0.89, 0.89, 0.9, 0.9, 0.9, 0.9, 0.91, 0.91, 0.91, 0.92, 0.92, 0.93, 0.93, 0.93, 0.94, 0.94, 0.94, 0.94, 0.95, 0.95, 0.95, 0.95, 0.96, 0.96, 0.96, 0.96, 0.96, 0.97, 0.97, 0.97, 0.97, 0.98, 0.98, 0.98, 0.98, 0.98, 0.98, 0.98, 0.98, 0.99, 0.99, 0.99, 0.99, 0.99, 0.99, 0.99, 0.99, 0.99, 0.99, 0.99, 0.99, 0.99, 0.99, 0.99, 0.99, 0.99, 0.99, 0.99, 0.99, 1.0, 1.0, 1.0, 1.0, 1.0, 1.0, 1.0, 1.0, 1.0, 1.0, 1.0]
grid std ranking:         [0.03, 0.04, 0.05, 0.06, 0.06, 0.07, 0.07, 0.07, 0.07, 0.06, 0.06, 0.06, 0.05, 0.05, 0.05, 0.06, 0.06, 0.06, 0.05, 0.05, 0.05, 0.05, 0.05, 0.05, 0.05, 0.05, 0.05, 0.05, 0.04, 0.04, 0.04, 0.03, 0.03, 0.03, 0.03, 0.03, 0.03, 0.03, 0.03, 0.03, 0.03, 0.03, 0.03, 0.03, 0.03, 0.02, 0.02, 0.02, 0.02, 0.02, 0.02, 0.02, 0.02, 0.02, 0.02, 0.02, 0.02, 0.02, 0.01, 0.01, 0.01, 0.01, 0.01, 0.01, 0.01, 0.01, 0.01, 0.01, 0.01, 0.01, 0.01, 0.01, 0.01, 0.01, 0.01, 0.01, 0.01, 0.01, 0.01, 0.01, 0.01, 0.01, 0.01, 0.01, 0.01, 0.01, 0.01, 0.01, 0.01, 0.01, 0.01, 0.01, 0.01, 0.01, 0.0, 0.0, 0.0, 0.0, 0.0, 0.0]
grid G mean tp,fp,tn,fn:    [20.45, 12.1, 887.9, 79.55]
grid G std tp,fp,tn,fn:     [9.42, 8.84, 8.84, 9.42]


name_of_experiment:         aug 0_2: with positive data augmentation, train+test on prid450, neural distance=absolute
file_name:                  siamese_cnn_image.pyc
date:                       09/08/2017   21:02:16
duration:                   9191.587728
prid450 mean tp,fp,tn,fn:    [32.5, 210.25, 9689.75, 67.5]
prid450 std tp,fp,tn,fn:     [11.32, 140.92, 140.92, 11.32]
prid450 detection rate (TP/(TP+FN)):      0.325
prid450 false alarm (FP/(FP+TN)):        0.0212373737374
prid450 mean ranking:        [0.26, 0.38, 0.46, 0.51, 0.56, 0.6, 0.62, 0.65, 0.67, 0.7, 0.72, 0.74, 0.75, 0.77, 0.78, 0.79, 0.79, 0.81, 0.82, 0.82, 0.83, 0.83, 0.84, 0.85, 0.86, 0.86, 0.87, 0.88, 0.88, 0.88, 0.89, 0.89, 0.9, 0.9, 0.91, 0.92, 0.92, 0.93, 0.93, 0.93, 0.94, 0.94, 0.94, 0.95, 0.95, 0.95, 0.95, 0.96, 0.96, 0.96, 0.97, 0.97, 0.97, 0.97, 0.97, 0.97, 0.97, 0.98, 0.98, 0.98, 0.98, 0.98, 0.98, 0.98, 0.99, 0.99, 0.99, 0.99, 0.99, 0.99, 0.99, 0.99, 0.99, 0.99, 0.99, 0.99, 0.99, 1.0, 1.0, 1.0, 1.0, 1.0, 1.0, 1.0, 1.0, 1.0, 1.0, 1.0, 1.0, 1.0, 1.0, 1.0, 1.0, 1.0, 1.0, 1.0, 1.0, 1.0, 1.0, 1.0]
prid450 std ranking:         [0.06, 0.06, 0.07, 0.07, 0.06, 0.05, 0.05, 0.04, 0.04, 0.04, 0.04, 0.04, 0.04, 0.04, 0.04, 0.04, 0.04, 0.04, 0.04, 0.04, 0.04, 0.04, 0.04, 0.04, 0.04, 0.04, 0.04, 0.04, 0.04, 0.04, 0.04, 0.04, 0.04, 0.04, 0.03, 0.04, 0.03, 0.03, 0.03, 0.03, 0.03, 0.03, 0.03, 0.03, 0.02, 0.02, 0.02, 0.02, 0.02, 0.02, 0.02, 0.02, 0.02, 0.02, 0.02, 0.02, 0.02, 0.02, 0.01, 0.01, 0.01, 0.01, 0.01, 0.01, 0.01, 0.01, 0.01, 0.01, 0.01, 0.01, 0.01, 0.01, 0.01, 0.01, 0.01, 0.01, 0.01, 0.01, 0.01, 0.01, 0.01, 0.01, 0.01, 0.0, 0.0, 0.0, 0.0, 0.0, 0.0, 0.0, 0.0, 0.0, 0.0, 0.0, 0.0, 0.0, 0.0, 0.0, 0.0, 0.0]
prid450 G mean tp,fp,tn,fn:    [32.5, 17.9, 882.1, 67.5]
prid450 G std tp,fp,tn,fn:     [11.32, 11.89, 11.89, 11.32]


name_of_experiment:         aug 1_0: with positive data augmentation, train+test on viper, neural distance=concatenate
file_name:                  siamese_cnn_image.pyc
date:                       09/08/2017   17:33:04
duration:                   14909.188331
viper mean tp,fp,tn,fn:    [45.5, 1101.3, 8798.7, 54.5]
viper std tp,fp,tn,fn:     [11.81, 369.61, 369.61, 11.81]
viper detection rate (TP/(TP+FN)):      0.455
viper false alarm (FP/(FP+TN)):        0.111242424242
viper mean ranking:        [0.1, 0.16, 0.22, 0.26, 0.3, 0.34, 0.37, 0.41, 0.44, 0.47, 0.5, 0.53, 0.56, 0.57, 0.6, 0.61, 0.63, 0.65, 0.66, 0.68, 0.69, 0.7, 0.72, 0.73, 0.74, 0.75, 0.76, 0.77, 0.78, 0.79, 0.8, 0.81, 0.81, 0.82, 0.83, 0.83, 0.84, 0.85, 0.86, 0.86, 0.87, 0.87, 0.88, 0.88, 0.88, 0.89, 0.89, 0.9, 0.9, 0.9, 0.91, 0.91, 0.92, 0.92, 0.93, 0.93, 0.94, 0.94, 0.94, 0.95, 0.95, 0.95, 0.95, 0.95, 0.96, 0.96, 0.96, 0.96, 0.96, 0.97, 0.97, 0.97, 0.97, 0.97, 0.98, 0.98, 0.98, 0.98, 0.98, 0.98, 0.99, 0.99, 0.99, 0.99, 0.99, 0.99, 0.99, 0.99, 0.99, 1.0, 1.0, 1.0, 1.0, 1.0, 1.0, 1.0, 1.0, 1.0, 1.0, 1.0]
viper std ranking:         [0.03, 0.04, 0.06, 0.07, 0.07, 0.08, 0.09, 0.1, 0.1, 0.11, 0.11, 0.12, 0.12, 0.12, 0.13, 0.13, 0.13, 0.13, 0.14, 0.14, 0.14, 0.15, 0.14, 0.14, 0.14, 0.15, 0.15, 0.15, 0.15, 0.14, 0.14, 0.13, 0.13, 0.12, 0.12, 0.12, 0.12, 0.12, 0.12, 0.12, 0.12, 0.12, 0.11, 0.11, 0.11, 0.1, 0.1, 0.1, 0.1, 0.1, 0.09, 0.09, 0.09, 0.08, 0.08, 0.07, 0.07, 0.07, 0.07, 0.06, 0.06, 0.06, 0.06, 0.06, 0.06, 0.06, 0.06, 0.06, 0.05, 0.05, 0.05, 0.05, 0.05, 0.05, 0.04, 0.04, 0.03, 0.03, 0.03, 0.03, 0.03, 0.03, 0.03, 0.03, 0.02, 0.02, 0.02, 0.02, 0.01, 0.01, 0.01, 0.01, 0.01, 0.01, 0.0, 0.0, 0.0, 0.0, 0.0, 0.0]
viper G mean tp,fp,tn,fn:    [45.5, 96.1, 803.9, 54.5]
viper G std tp,fp,tn,fn:     [11.81, 36.15, 36.15, 11.81]


name_of_experiment:         aug 1_1: with positive data augmentation, train+test on grid, neural distance=concatenate
file_name:                  siamese_cnn_image.pyc
date:                       09/08/2017   18:32:25
duration:                   3523.738296
grid mean tp,fp,tn,fn:    [58.3, 694.1, 9205.9, 41.7]
grid std tp,fp,tn,fn:     [5.78, 132.32, 132.32, 5.78]
grid detection rate (TP/(TP+FN)):      0.583
grid false alarm (FP/(FP+TN)):        0.0701111111111
grid mean ranking:        [0.17, 0.28, 0.37, 0.43, 0.49, 0.54, 0.57, 0.6, 0.63, 0.67, 0.69, 0.72, 0.74, 0.75, 0.77, 0.78, 0.79, 0.8, 0.82, 0.83, 0.84, 0.85, 0.86, 0.87, 0.88, 0.88, 0.89, 0.89, 0.9, 0.9, 0.91, 0.91, 0.92, 0.92, 0.93, 0.93, 0.94, 0.94, 0.94, 0.95, 0.95, 0.95, 0.95, 0.96, 0.96, 0.96, 0.97, 0.97, 0.97, 0.97, 0.97, 0.98, 0.98, 0.98, 0.98, 0.98, 0.98, 0.98, 0.98, 0.98, 0.98, 0.98, 0.99, 0.99, 0.99, 0.99, 0.99, 0.99, 0.99, 0.99, 1.0, 1.0, 1.0, 1.0, 1.0, 1.0, 1.0, 1.0, 1.0, 1.0, 1.0, 1.0, 1.0, 1.0, 1.0, 1.0, 1.0, 1.0, 1.0, 1.0, 1.0, 1.0, 1.0, 1.0, 1.0, 1.0, 1.0, 1.0, 1.0, 1.0]
grid std ranking:         [0.04, 0.05, 0.06, 0.06, 0.07, 0.07, 0.07, 0.07, 0.08, 0.07, 0.07, 0.07, 0.06, 0.06, 0.05, 0.05, 0.05, 0.05, 0.05, 0.05, 0.05, 0.05, 0.05, 0.05, 0.05, 0.05, 0.05, 0.05, 0.04, 0.04, 0.05, 0.04, 0.04, 0.04, 0.03, 0.03, 0.03, 0.03, 0.03, 0.02, 0.02, 0.02, 0.02, 0.02, 0.02, 0.02, 0.02, 0.02, 0.02, 0.01, 0.01, 0.02, 0.02, 0.02, 0.02, 0.01, 0.01, 0.01, 0.01, 0.01, 0.01, 0.01, 0.01, 0.01, 0.01, 0.01, 0.01, 0.01, 0.01, 0.01, 0.01, 0.01, 0.01, 0.01, 0.01, 0.01, 0.01, 0.01, 0.0, 0.0, 0.0, 0.0, 0.0, 0.0, 0.0, 0.0, 0.0, 0.0, 0.0, 0.0, 0.0, 0.0, 0.0, 0.0, 0.0, 0.0, 0.0, 0.0, 0.0, 0.0]
grid G mean tp,fp,tn,fn:    [58.3, 61.2, 838.8, 41.7]
grid G std tp,fp,tn,fn:     [5.78, 18.16, 18.16, 5.78]


name_of_experiment:         aug 1_2: with positive data augmentation, train+test on prid450, neural distance=concatenate
file_name:                  siamese_cnn_image.pyc
date:                       09/08/2017   21:06:25
duration:                   9224.607834
prid450 mean tp,fp,tn,fn:    [43.45, 701.2, 9198.8, 56.55]
prid450 std tp,fp,tn,fn:     [8.77, 217.34, 217.34, 8.77]
prid450 detection rate (TP/(TP+FN)):      0.4345
prid450 false alarm (FP/(FP+TN)):        0.0708282828283
prid450 mean ranking:        [0.14, 0.22, 0.28, 0.33, 0.38, 0.43, 0.46, 0.49, 0.52, 0.54, 0.56, 0.58, 0.61, 0.63, 0.65, 0.66, 0.69, 0.7, 0.71, 0.73, 0.74, 0.75, 0.76, 0.77, 0.79, 0.79, 0.81, 0.81, 0.82, 0.83, 0.84, 0.85, 0.85, 0.86, 0.87, 0.87, 0.88, 0.89, 0.89, 0.9, 0.9, 0.91, 0.91, 0.91, 0.92, 0.93, 0.93, 0.93, 0.93, 0.93, 0.94, 0.94, 0.95, 0.95, 0.95, 0.96, 0.96, 0.96, 0.96, 0.97, 0.97, 0.97, 0.97, 0.98, 0.98, 0.98, 0.98, 0.98, 0.98, 0.98, 0.98, 0.98, 0.99, 0.99, 0.99, 0.99, 0.99, 0.99, 0.99, 0.99, 1.0, 1.0, 1.0, 1.0, 1.0, 1.0, 1.0, 1.0, 1.0, 1.0, 1.0, 1.0, 1.0, 1.0, 1.0, 1.0, 1.0, 1.0, 1.0, 1.0]
prid450 std ranking:         [0.05, 0.06, 0.06, 0.08, 0.08, 0.08, 0.08, 0.08, 0.08, 0.08, 0.08, 0.08, 0.07, 0.07, 0.08, 0.08, 0.08, 0.08, 0.07, 0.07, 0.07, 0.07, 0.07, 0.07, 0.06, 0.06, 0.06, 0.06, 0.05, 0.05, 0.05, 0.05, 0.05, 0.05, 0.05, 0.04, 0.04, 0.04, 0.04, 0.03, 0.03, 0.03, 0.03, 0.03, 0.03, 0.03, 0.03, 0.03, 0.03, 0.03, 0.03, 0.02, 0.02, 0.02, 0.02, 0.02, 0.02, 0.02, 0.02, 0.02, 0.02, 0.02, 0.02, 0.02, 0.01, 0.01, 0.01, 0.01, 0.01, 0.01, 0.01, 0.01, 0.01, 0.01, 0.01, 0.01, 0.01, 0.01, 0.01, 0.01, 0.01, 0.01, 0.01, 0.01, 0.01, 0.0, 0.0, 0.0, 0.0, 0.0, 0.0, 0.0, 0.0, 0.0, 0.0, 0.0, 0.0, 0.0, 0.0, 0.0]
prid450 G mean tp,fp,tn,fn:    [43.45, 66.65, 833.35, 56.55]
prid450 G std tp,fp,tn,fn:     [8.77, 31.98, 31.98, 8.77]
