experiments on types of neural_distance={absolute, subtract, concatenate, divide, add, multiply} 
on datasets {viper, grid, prid450}

name_of_experiment:         experiment 1_0_0: viper, neural_distance=absolute
file_name:                  siamese_cnn_image.pyc
date:                       07/08/2017   13:03:32
duration:                   3382.916328
viper mean tp,fp,tn,fn:    [18.55, 424.5, 9475.5, 81.45]
viper std tp,fp,tn,fn:     [12.46, 341.83, 341.83, 12.46]
viper detection rate (TP/(TP+FN)):      0.1855
viper false alarm (FP/(FP+TN)):        0.0428787878788
viper mean ranking:        [0.08, 0.15, 0.2, 0.24, 0.27, 0.31, 0.34, 0.37, 0.4, 0.43, 0.45, 0.47, 0.49, 0.51, 0.53, 0.55, 0.57, 0.58, 0.6, 0.62, 0.63, 0.65, 0.66, 0.68, 0.69, 0.7, 0.7, 0.72, 0.73, 0.74, 0.74, 0.75, 0.76, 0.77, 0.78, 0.78, 0.79, 0.8, 0.8, 0.81, 0.82, 0.83, 0.83, 0.84, 0.84, 0.84, 0.85, 0.86, 0.86, 0.87, 0.87, 0.88, 0.88, 0.89, 0.89, 0.9, 0.9, 0.91, 0.91, 0.91, 0.92, 0.92, 0.92, 0.93, 0.93, 0.94, 0.94, 0.94, 0.95, 0.95, 0.95, 0.95, 0.95, 0.96, 0.96, 0.96, 0.96, 0.96, 0.97, 0.97, 0.97, 0.98, 0.98, 0.98, 0.98, 0.99, 0.99, 0.99, 0.99, 0.99, 0.99, 0.99, 1.0, 1.0, 1.0, 1.0, 1.0, 1.0, 1.0, 1.0]
viper std ranking:         [0.04, 0.05, 0.06, 0.08, 0.07, 0.09, 0.1, 0.11, 0.12, 0.12, 0.12, 0.13, 0.13, 0.13, 0.14, 0.14, 0.14, 0.14, 0.15, 0.15, 0.15, 0.15, 0.15, 0.16, 0.15, 0.15, 0.15, 0.15, 0.15, 0.15, 0.15, 0.15, 0.15, 0.15, 0.15, 0.15, 0.14, 0.14, 0.14, 0.14, 0.14, 0.14, 0.14, 0.13, 0.13, 0.13, 0.12, 0.12, 0.12, 0.11, 0.11, 0.11, 0.11, 0.11, 0.1, 0.1, 0.1, 0.1, 0.1, 0.1, 0.09, 0.09, 0.09, 0.08, 0.08, 0.08, 0.08, 0.07, 0.07, 0.07, 0.06, 0.06, 0.06, 0.06, 0.06, 0.06, 0.05, 0.05, 0.05, 0.04, 0.04, 0.04, 0.03, 0.03, 0.03, 0.03, 0.02, 0.02, 0.02, 0.01, 0.01, 0.01, 0.01, 0.01, 0.01, 0.01, 0.0, 0.0, 0.0, 0.0]
viper G mean tp,fp,tn,fn:    [18.55, 40.1, 859.9, 81.45]
viper G std tp,fp,tn,fn:     [12.46, 37.16, 37.16, 12.46]


name_of_experiment:         experiment 1_1_0: viper, neural_distance=subtract
file_name:                  siamese_cnn_image.pyc
date:                       07/08/2017   13:59:31
duration:                   3356.138146
viper mean tp,fp,tn,fn:    [46.85, 1394.4, 8505.6, 53.15]
viper std tp,fp,tn,fn:     [10.88, 383.68, 383.68, 10.88]
viper detection rate (TP/(TP+FN)):      0.4685
viper false alarm (FP/(FP+TN)):        0.140848484848
viper mean ranking:        [0.09, 0.16, 0.2, 0.25, 0.29, 0.33, 0.36, 0.39, 0.41, 0.43, 0.45, 0.48, 0.5, 0.52, 0.54, 0.56, 0.57, 0.58, 0.6, 0.62, 0.64, 0.65, 0.67, 0.68, 0.69, 0.7, 0.72, 0.72, 0.73, 0.74, 0.75, 0.76, 0.77, 0.78, 0.79, 0.8, 0.81, 0.81, 0.82, 0.82, 0.83, 0.84, 0.84, 0.85, 0.85, 0.86, 0.87, 0.87, 0.88, 0.88, 0.89, 0.89, 0.9, 0.9, 0.91, 0.91, 0.92, 0.92, 0.92, 0.93, 0.93, 0.94, 0.94, 0.94, 0.95, 0.95, 0.95, 0.95, 0.95, 0.96, 0.96, 0.96, 0.96, 0.97, 0.97, 0.97, 0.97, 0.97, 0.97, 0.98, 0.98, 0.98, 0.98, 0.98, 0.99, 0.99, 0.99, 0.99, 0.99, 0.99, 0.99, 1.0, 1.0, 1.0, 1.0, 1.0, 1.0, 1.0, 1.0, 1.0]
viper std ranking:         [0.04, 0.06, 0.07, 0.08, 0.09, 0.1, 0.1, 0.11, 0.11, 0.11, 0.11, 0.11, 0.12, 0.12, 0.12, 0.11, 0.12, 0.11, 0.12, 0.12, 0.11, 0.11, 0.12, 0.11, 0.11, 0.11, 0.11, 0.11, 0.11, 0.11, 0.11, 0.1, 0.1, 0.1, 0.09, 0.09, 0.09, 0.09, 0.09, 0.09, 0.09, 0.09, 0.08, 0.08, 0.08, 0.08, 0.07, 0.07, 0.07, 0.07, 0.07, 0.07, 0.07, 0.06, 0.06, 0.06, 0.06, 0.06, 0.06, 0.06, 0.05, 0.05, 0.05, 0.04, 0.04, 0.04, 0.04, 0.04, 0.04, 0.04, 0.04, 0.03, 0.03, 0.03, 0.03, 0.03, 0.03, 0.03, 0.03, 0.02, 0.02, 0.02, 0.02, 0.02, 0.02, 0.01, 0.01, 0.01, 0.01, 0.01, 0.01, 0.01, 0.01, 0.0, 0.0, 0.0, 0.0, 0.0, 0.0, 0.0]
viper G mean tp,fp,tn,fn:    [46.85, 123.95, 776.05, 53.15]
viper G std tp,fp,tn,fn:     [10.88, 48.4, 48.4, 10.88]


name_of_experiment:         experiment 1_2_0: viper, neural_distance=concatenate
file_name:                  siamese_cnn_image.pyc
date:                       07/08/2017   14:55:12
duration:                   3337.585669
viper mean tp,fp,tn,fn:    [53.7, 2114.15, 7785.85, 46.3]
viper std tp,fp,tn,fn:     [16.88, 605.78, 605.78, 16.88]
viper detection rate (TP/(TP+FN)):      0.537
viper false alarm (FP/(FP+TN)):        0.213550505051
viper mean ranking:        [0.07, 0.12, 0.17, 0.2, 0.24, 0.27, 0.3, 0.32, 0.34, 0.37, 0.39, 0.41, 0.43, 0.45, 0.46, 0.48, 0.5, 0.51, 0.53, 0.55, 0.56, 0.58, 0.59, 0.61, 0.62, 0.63, 0.64, 0.65, 0.66, 0.68, 0.69, 0.7, 0.71, 0.72, 0.73, 0.74, 0.74, 0.76, 0.76, 0.77, 0.78, 0.78, 0.79, 0.8, 0.81, 0.81, 0.82, 0.82, 0.83, 0.83, 0.84, 0.85, 0.86, 0.86, 0.87, 0.87, 0.87, 0.88, 0.88, 0.89, 0.89, 0.9, 0.9, 0.91, 0.91, 0.92, 0.92, 0.93, 0.93, 0.93, 0.94, 0.94, 0.94, 0.95, 0.95, 0.95, 0.96, 0.96, 0.96, 0.96, 0.97, 0.97, 0.97, 0.97, 0.98, 0.98, 0.98, 0.98, 0.98, 0.99, 0.99, 0.99, 0.99, 0.99, 0.99, 1.0, 1.0, 1.0, 1.0, 1.0]
viper std ranking:         [0.04, 0.07, 0.08, 0.09, 0.1, 0.11, 0.11, 0.12, 0.13, 0.14, 0.14, 0.15, 0.16, 0.15, 0.16, 0.16, 0.16, 0.16, 0.16, 0.17, 0.17, 0.17, 0.17, 0.18, 0.18, 0.18, 0.18, 0.18, 0.18, 0.18, 0.18, 0.18, 0.18, 0.17, 0.17, 0.17, 0.17, 0.17, 0.17, 0.17, 0.16, 0.16, 0.16, 0.16, 0.16, 0.16, 0.16, 0.16, 0.16, 0.15, 0.15, 0.15, 0.14, 0.14, 0.13, 0.13, 0.13, 0.13, 0.13, 0.12, 0.12, 0.11, 0.1, 0.1, 0.09, 0.09, 0.09, 0.09, 0.09, 0.08, 0.08, 0.07, 0.07, 0.07, 0.06, 0.06, 0.06, 0.05, 0.05, 0.05, 0.05, 0.04, 0.04, 0.04, 0.03, 0.03, 0.03, 0.03, 0.03, 0.02, 0.02, 0.02, 0.02, 0.01, 0.01, 0.01, 0.0, 0.0, 0.0, 0.0]
viper G mean tp,fp,tn,fn:    [53.7, 190.5, 709.5, 46.3]
viper G std tp,fp,tn,fn:     [16.88, 50.21, 50.21, 16.88]


name_of_experiment:         experiment 1_3_0: viper, neural_distance=divide
file_name:                  siamese_cnn_image.pyc
date:                       07/08/2017   15:49:55
duration:                   3278.722434
viper mean tp,fp,tn,fn:    [7.15, 680.1, 9219.9, 92.85]
viper std tp,fp,tn,fn:     [17.4, 1652.77, 1652.77, 17.4]
viper detection rate (TP/(TP+FN)):      0.0715
viper false alarm (FP/(FP+TN)):        0.068696969697
viper mean ranking:        [0.01, 0.02, 0.03, 0.04, 0.05, 0.06, 0.07, 0.08, 0.09, 0.1, 0.11, 0.12, 0.13, 0.14, 0.15, 0.17, 0.17, 0.19, 0.19, 0.2, 0.21, 0.22, 0.24, 0.25, 0.26, 0.26, 0.27, 0.28, 0.29, 0.3, 0.31, 0.32, 0.33, 0.34, 0.35, 0.36, 0.37, 0.38, 0.39, 0.4, 0.41, 0.42, 0.43, 0.44, 0.45, 0.46, 0.47, 0.48, 0.49, 0.5, 0.51, 0.52, 0.53, 0.54, 0.55, 0.56, 0.57, 0.58, 0.59, 0.6, 0.61, 0.62, 0.63, 0.65, 0.66, 0.67, 0.67, 0.68, 0.69, 0.7, 0.71, 0.72, 0.73, 0.74, 0.75, 0.76, 0.77, 0.78, 0.79, 0.8, 0.81, 0.82, 0.83, 0.84, 0.85, 0.86, 0.87, 0.88, 0.89, 0.9, 0.91, 0.92, 0.93, 0.94, 0.95, 0.96, 0.97, 0.98, 0.99, 1.0]
viper std ranking:         [0.0, 0.01, 0.01, 0.01, 0.01, 0.01, 0.0, 0.0, 0.01, 0.01, 0.01, 0.01, 0.01, 0.01, 0.01, 0.01, 0.01, 0.01, 0.01, 0.01, 0.01, 0.01, 0.02, 0.02, 0.02, 0.02, 0.02, 0.02, 0.02, 0.01, 0.01, 0.01, 0.01, 0.01, 0.01, 0.01, 0.01, 0.02, 0.01, 0.02, 0.02, 0.01, 0.01, 0.02, 0.01, 0.01, 0.01, 0.01, 0.01, 0.01, 0.01, 0.01, 0.01, 0.01, 0.01, 0.01, 0.01, 0.01, 0.01, 0.01, 0.01, 0.01, 0.01, 0.01, 0.02, 0.01, 0.01, 0.01, 0.01, 0.01, 0.01, 0.01, 0.01, 0.01, 0.0, 0.0, 0.0, 0.0, 0.01, 0.01, 0.01, 0.01, 0.01, 0.01, 0.01, 0.01, 0.01, 0.01, 0.01, 0.01, 0.01, 0.01, 0.01, 0.01, 0.0, 0.0, 0.0, 0.0, 0.0, 0.0]
viper G mean tp,fp,tn,fn:    [7.15, 59.5, 840.5, 92.85]
viper G std tp,fp,tn,fn:     [17.4, 144.51, 144.51, 17.4]


name_of_experiment:         experiment 1_4_0: viper, neural_distance=add
file_name:                  siamese_cnn_image.pyc
date:                       07/08/2017   16:45:20
duration:                   3321.614704
viper mean tp,fp,tn,fn:    [51.3, 2178.75, 7721.25, 48.7]
viper std tp,fp,tn,fn:     [15.01, 944.33, 944.33, 15.01]
viper detection rate (TP/(TP+FN)):      0.513
viper false alarm (FP/(FP+TN)):        0.220075757576
viper mean ranking:        [0.05, 0.09, 0.12, 0.14, 0.17, 0.2, 0.23, 0.25, 0.28, 0.31, 0.33, 0.35, 0.37, 0.39, 0.41, 0.43, 0.45, 0.47, 0.48, 0.49, 0.51, 0.53, 0.54, 0.56, 0.57, 0.59, 0.6, 0.62, 0.64, 0.65, 0.66, 0.67, 0.69, 0.7, 0.7, 0.72, 0.73, 0.74, 0.75, 0.76, 0.77, 0.78, 0.79, 0.79, 0.8, 0.81, 0.82, 0.82, 0.83, 0.84, 0.84, 0.85, 0.85, 0.86, 0.86, 0.87, 0.87, 0.88, 0.88, 0.89, 0.89, 0.89, 0.9, 0.91, 0.91, 0.91, 0.91, 0.92, 0.92, 0.92, 0.92, 0.93, 0.93, 0.93, 0.94, 0.94, 0.95, 0.95, 0.95, 0.95, 0.96, 0.96, 0.96, 0.97, 0.97, 0.97, 0.97, 0.97, 0.98, 0.98, 0.98, 0.98, 0.99, 0.99, 0.99, 0.99, 0.99, 0.99, 1.0, 1.0]
viper std ranking:         [0.03, 0.04, 0.05, 0.06, 0.06, 0.07, 0.07, 0.08, 0.08, 0.09, 0.09, 0.09, 0.09, 0.1, 0.1, 0.11, 0.11, 0.11, 0.11, 0.11, 0.12, 0.12, 0.12, 0.12, 0.12, 0.13, 0.13, 0.13, 0.13, 0.13, 0.13, 0.13, 0.13, 0.13, 0.12, 0.13, 0.12, 0.12, 0.12, 0.12, 0.12, 0.12, 0.12, 0.12, 0.12, 0.11, 0.11, 0.12, 0.12, 0.12, 0.11, 0.11, 0.11, 0.11, 0.11, 0.1, 0.11, 0.1, 0.1, 0.1, 0.09, 0.09, 0.09, 0.09, 0.09, 0.09, 0.09, 0.09, 0.08, 0.08, 0.08, 0.08, 0.08, 0.07, 0.07, 0.07, 0.06, 0.06, 0.06, 0.06, 0.05, 0.05, 0.05, 0.04, 0.04, 0.04, 0.04, 0.04, 0.03, 0.03, 0.03, 0.02, 0.02, 0.02, 0.02, 0.02, 0.01, 0.01, 0.01, 0.0]
viper G mean tp,fp,tn,fn:    [51.3, 190.85, 709.15, 48.7]
viper G std tp,fp,tn,fn:     [15.01, 90.19, 90.19, 15.01]


name_of_experiment:         experiment 1_5_0: viper, neural_distance=multiply
file_name:                  siamese_cnn_image.pyc
date:                       07/08/2017   17:40:17
duration:                   3293.375214
viper mean tp,fp,tn,fn:    [26.05, 712.35, 9187.65, 73.95]
viper std tp,fp,tn,fn:     [13.07, 540.03, 540.03, 13.07]
viper detection rate (TP/(TP+FN)):      0.2605
viper false alarm (FP/(FP+TN)):        0.0719545454545
viper mean ranking:        [0.07, 0.13, 0.17, 0.2, 0.23, 0.27, 0.29, 0.32, 0.34, 0.37, 0.39, 0.41, 0.42, 0.44, 0.46, 0.48, 0.5, 0.52, 0.54, 0.55, 0.56, 0.57, 0.58, 0.59, 0.6, 0.61, 0.63, 0.64, 0.65, 0.66, 0.67, 0.68, 0.69, 0.7, 0.71, 0.72, 0.73, 0.74, 0.75, 0.76, 0.77, 0.77, 0.78, 0.79, 0.8, 0.8, 0.81, 0.82, 0.83, 0.84, 0.84, 0.85, 0.85, 0.86, 0.86, 0.87, 0.88, 0.89, 0.89, 0.89, 0.9, 0.9, 0.91, 0.91, 0.92, 0.92, 0.93, 0.93, 0.93, 0.94, 0.94, 0.94, 0.95, 0.95, 0.95, 0.96, 0.96, 0.96, 0.97, 0.97, 0.97, 0.97, 0.98, 0.98, 0.98, 0.98, 0.99, 0.99, 0.99, 0.99, 0.99, 0.99, 0.99, 0.99, 0.99, 1.0, 1.0, 1.0, 1.0, 1.0]
viper std ranking:         [0.03, 0.05, 0.06, 0.06, 0.07, 0.08, 0.09, 0.1, 0.1, 0.1, 0.11, 0.11, 0.12, 0.12, 0.12, 0.12, 0.12, 0.12, 0.12, 0.12, 0.13, 0.13, 0.13, 0.13, 0.13, 0.13, 0.13, 0.13, 0.13, 0.13, 0.13, 0.13, 0.13, 0.13, 0.12, 0.12, 0.12, 0.12, 0.12, 0.12, 0.11, 0.11, 0.1, 0.1, 0.1, 0.1, 0.09, 0.09, 0.09, 0.09, 0.09, 0.09, 0.09, 0.08, 0.08, 0.08, 0.07, 0.07, 0.07, 0.07, 0.06, 0.06, 0.06, 0.06, 0.05, 0.05, 0.05, 0.05, 0.05, 0.04, 0.04, 0.04, 0.04, 0.04, 0.04, 0.04, 0.03, 0.03, 0.03, 0.03, 0.03, 0.03, 0.02, 0.02, 0.02, 0.02, 0.01, 0.01, 0.01, 0.01, 0.01, 0.01, 0.01, 0.01, 0.01, 0.01, 0.0, 0.0, 0.0, 0.0]
viper G mean tp,fp,tn,fn:    [26.05, 71.15, 828.85, 73.95]
viper G std tp,fp,tn,fn:     [13.07, 72.39, 72.39, 13.07]

name_of_experiment:         experiment 1_0_1: grid, neural_distance=absolute
file_name:                  siamese_cnn_image.pyc
date:                       07/08/2017   12:26:17
duration:                   1138.588711
grid mean tp,fp,tn,fn:    [10.45, 128.75, 9771.25, 89.55]
grid std tp,fp,tn,fn:     [4.94, 73.86, 73.86, 4.94]
grid detection rate (TP/(TP+FN)):      0.1045
grid false alarm (FP/(FP+TN)):        0.0130050505051
grid mean ranking:        [0.12, 0.19, 0.26, 0.31, 0.36, 0.4, 0.43, 0.47, 0.49, 0.52, 0.54, 0.57, 0.59, 0.61, 0.63, 0.65, 0.66, 0.68, 0.7, 0.71, 0.73, 0.74, 0.75, 0.76, 0.77, 0.78, 0.79, 0.8, 0.81, 0.82, 0.83, 0.84, 0.85, 0.85, 0.86, 0.87, 0.87, 0.88, 0.89, 0.9, 0.9, 0.91, 0.91, 0.92, 0.92, 0.92, 0.93, 0.93, 0.93, 0.94, 0.94, 0.94, 0.95, 0.95, 0.95, 0.96, 0.96, 0.96, 0.97, 0.97, 0.97, 0.97, 0.97, 0.97, 0.98, 0.98, 0.98, 0.98, 0.98, 0.98, 0.98, 0.98, 0.98, 0.99, 0.99, 0.99, 0.99, 0.99, 0.99, 0.99, 0.99, 0.99, 0.99, 0.99, 0.99, 0.99, 0.99, 0.99, 0.99, 1.0, 1.0, 1.0, 1.0, 1.0, 1.0, 1.0, 1.0, 1.0, 1.0, 1.0]
grid std ranking:         [0.03, 0.04, 0.04, 0.05, 0.06, 0.06, 0.07, 0.07, 0.07, 0.07, 0.07, 0.07, 0.07, 0.06, 0.06, 0.06, 0.06, 0.06, 0.06, 0.06, 0.06, 0.06, 0.06, 0.06, 0.05, 0.05, 0.05, 0.05, 0.05, 0.05, 0.05, 0.05, 0.05, 0.05, 0.04, 0.04, 0.04, 0.04, 0.04, 0.04, 0.03, 0.03, 0.03, 0.03, 0.03, 0.03, 0.03, 0.03, 0.02, 0.02, 0.02, 0.02, 0.02, 0.02, 0.02, 0.02, 0.02, 0.02, 0.02, 0.02, 0.02, 0.02, 0.02, 0.02, 0.02, 0.02, 0.01, 0.01, 0.02, 0.02, 0.02, 0.02, 0.02, 0.01, 0.01, 0.01, 0.01, 0.01, 0.01, 0.01, 0.01, 0.01, 0.01, 0.01, 0.01, 0.01, 0.01, 0.01, 0.01, 0.0, 0.0, 0.0, 0.0, 0.0, 0.0, 0.0, 0.0, 0.0, 0.0, 0.0]
grid G mean tp,fp,tn,fn:    [10.45, 13.0, 887.0, 89.55]
grid G std tp,fp,tn,fn:     [4.94, 13.55, 13.55, 4.94]


name_of_experiment:         experiment 1_1_1: grid, neural_distance=subtract
file_name:                  siamese_cnn_image.pyc
date:                       07/08/2017   12:45:21
duration:                   1139.695711
grid mean tp,fp,tn,fn:    [54.9, 988.85, 8911.15, 45.1]
grid std tp,fp,tn,fn:     [7.11, 158.68, 158.68, 7.11]
grid detection rate (TP/(TP+FN)):      0.549
grid false alarm (FP/(FP+TN)):        0.0998838383838
grid mean ranking:        [0.12, 0.21, 0.28, 0.34, 0.39, 0.43, 0.47, 0.51, 0.55, 0.57, 0.6, 0.63, 0.65, 0.67, 0.68, 0.7, 0.71, 0.73, 0.74, 0.76, 0.77, 0.78, 0.79, 0.8, 0.81, 0.82, 0.83, 0.84, 0.85, 0.85, 0.86, 0.86, 0.87, 0.88, 0.88, 0.89, 0.89, 0.89, 0.9, 0.91, 0.91, 0.91, 0.92, 0.92, 0.93, 0.93, 0.93, 0.94, 0.94, 0.94, 0.94, 0.95, 0.95, 0.95, 0.96, 0.96, 0.96, 0.96, 0.96, 0.97, 0.97, 0.97, 0.97, 0.98, 0.98, 0.98, 0.98, 0.98, 0.99, 0.99, 0.99, 0.99, 0.99, 0.99, 0.99, 0.99, 0.99, 0.99, 1.0, 1.0, 1.0, 1.0, 1.0, 1.0, 1.0, 1.0, 1.0, 1.0, 1.0, 1.0, 1.0, 1.0, 1.0, 1.0, 1.0, 1.0, 1.0, 1.0, 1.0, 1.0]
grid std ranking:         [0.04, 0.04, 0.04, 0.04, 0.04, 0.04, 0.04, 0.04, 0.05, 0.06, 0.06, 0.05, 0.05, 0.05, 0.05, 0.05, 0.05, 0.05, 0.05, 0.05, 0.05, 0.05, 0.05, 0.04, 0.05, 0.04, 0.04, 0.04, 0.04, 0.04, 0.04, 0.04, 0.03, 0.04, 0.03, 0.03, 0.03, 0.03, 0.03, 0.03, 0.03, 0.03, 0.03, 0.03, 0.02, 0.03, 0.03, 0.02, 0.02, 0.02, 0.02, 0.02, 0.02, 0.02, 0.02, 0.02, 0.02, 0.02, 0.02, 0.02, 0.01, 0.01, 0.01, 0.01, 0.01, 0.01, 0.01, 0.01, 0.01, 0.01, 0.01, 0.01, 0.01, 0.01, 0.01, 0.01, 0.01, 0.01, 0.01, 0.01, 0.01, 0.01, 0.01, 0.01, 0.0, 0.0, 0.0, 0.0, 0.0, 0.0, 0.0, 0.0, 0.0, 0.0, 0.0, 0.0, 0.0, 0.0, 0.0, 0.0]
grid G mean tp,fp,tn,fn:    [54.9, 88.05, 811.95, 45.1]
grid G std tp,fp,tn,fn:     [7.11, 31.32, 31.32, 7.11]


name_of_experiment:         experiment 1_2_1: grid, neural_distance=concatenate
file_name:                  siamese_cnn_image.pyc
date:                       07/08/2017   13:04:30
duration:                   1145.248945
grid mean tp,fp,tn,fn:    [70.1, 1804.25, 8095.75, 29.9]
grid std tp,fp,tn,fn:     [6.88, 185.55, 185.55, 6.88]
grid detection rate (TP/(TP+FN)):      0.701
grid false alarm (FP/(FP+TN)):        0.182247474747
grid mean ranking:        [0.08, 0.17, 0.25, 0.3, 0.34, 0.39, 0.43, 0.47, 0.5, 0.53, 0.56, 0.59, 0.61, 0.63, 0.65, 0.67, 0.69, 0.7, 0.72, 0.73, 0.74, 0.76, 0.77, 0.78, 0.79, 0.8, 0.8, 0.81, 0.82, 0.83, 0.84, 0.84, 0.85, 0.86, 0.86, 0.87, 0.88, 0.88, 0.89, 0.9, 0.9, 0.91, 0.91, 0.92, 0.92, 0.92, 0.93, 0.93, 0.94, 0.94, 0.94, 0.94, 0.95, 0.95, 0.95, 0.96, 0.96, 0.96, 0.96, 0.96, 0.97, 0.97, 0.97, 0.97, 0.97, 0.98, 0.98, 0.98, 0.98, 0.98, 0.98, 0.98, 0.98, 0.98, 0.99, 0.99, 0.99, 0.99, 0.99, 0.99, 0.99, 0.99, 0.99, 0.99, 0.99, 1.0, 1.0, 1.0, 1.0, 1.0, 1.0, 1.0, 1.0, 1.0, 1.0, 1.0, 1.0, 1.0, 1.0, 1.0]
grid std ranking:         [0.02, 0.03, 0.04, 0.04, 0.05, 0.05, 0.05, 0.05, 0.05, 0.05, 0.06, 0.06, 0.06, 0.06, 0.05, 0.05, 0.05, 0.06, 0.06, 0.06, 0.06, 0.06, 0.06, 0.06, 0.06, 0.06, 0.05, 0.05, 0.05, 0.05, 0.05, 0.05, 0.05, 0.05, 0.05, 0.04, 0.04, 0.04, 0.04, 0.03, 0.03, 0.03, 0.03, 0.03, 0.03, 0.03, 0.03, 0.02, 0.02, 0.02, 0.02, 0.02, 0.02, 0.02, 0.02, 0.02, 0.02, 0.02, 0.02, 0.02, 0.02, 0.01, 0.01, 0.01, 0.01, 0.01, 0.01, 0.01, 0.01, 0.01, 0.01, 0.01, 0.01, 0.01, 0.01, 0.01, 0.01, 0.01, 0.01, 0.01, 0.01, 0.01, 0.01, 0.01, 0.01, 0.01, 0.0, 0.0, 0.0, 0.0, 0.0, 0.0, 0.0, 0.0, 0.0, 0.0, 0.0, 0.0, 0.0, 0.0]
grid G mean tp,fp,tn,fn:    [70.1, 162.8, 737.2, 29.9]
grid G std tp,fp,tn,fn:     [6.88, 23.69, 23.69, 6.88]


name_of_experiment:         experiment 1_3_1: grid, neural_distance=divide
file_name:                  siamese_cnn_image.pyc
date:                       07/08/2017   13:23:34
duration:                   1140.115051
grid mean tp,fp,tn,fn:    [21.55, 2036.55, 7863.45, 78.45]
grid std tp,fp,tn,fn:     [30.5, 2966.99, 2966.99, 30.5]
grid detection rate (TP/(TP+FN)):      0.2155
grid false alarm (FP/(FP+TN)):        0.205712121212
grid mean ranking:        [0.01, 0.02, 0.03, 0.04, 0.05, 0.06, 0.07, 0.08, 0.09, 0.1, 0.11, 0.13, 0.13, 0.15, 0.16, 0.17, 0.18, 0.19, 0.2, 0.2, 0.21, 0.23, 0.24, 0.24, 0.26, 0.27, 0.28, 0.29, 0.3, 0.3, 0.31, 0.32, 0.34, 0.35, 0.36, 0.37, 0.38, 0.39, 0.4, 0.41, 0.42, 0.43, 0.44, 0.45, 0.46, 0.46, 0.48, 0.49, 0.5, 0.51, 0.52, 0.53, 0.54, 0.55, 0.56, 0.57, 0.58, 0.59, 0.6, 0.61, 0.62, 0.63, 0.64, 0.65, 0.66, 0.67, 0.68, 0.69, 0.7, 0.7, 0.71, 0.72, 0.73, 0.74, 0.75, 0.76, 0.77, 0.78, 0.79, 0.8, 0.81, 0.82, 0.83, 0.84, 0.85, 0.86, 0.87, 0.88, 0.89, 0.89, 0.9, 0.91, 0.92, 0.93, 0.94, 0.96, 0.97, 0.98, 0.99, 1.0]
grid std ranking:         [0.01, 0.01, 0.01, 0.02, 0.02, 0.02, 0.02, 0.02, 0.03, 0.03, 0.03, 0.04, 0.03, 0.03, 0.03, 0.03, 0.03, 0.03, 0.03, 0.03, 0.03, 0.04, 0.04, 0.04, 0.04, 0.05, 0.04, 0.04, 0.04, 0.04, 0.04, 0.04, 0.04, 0.04, 0.04, 0.04, 0.04, 0.04, 0.04, 0.04, 0.04, 0.04, 0.04, 0.04, 0.04, 0.04, 0.04, 0.04, 0.04, 0.04, 0.04, 0.04, 0.04, 0.04, 0.04, 0.04, 0.04, 0.04, 0.04, 0.04, 0.04, 0.04, 0.04, 0.04, 0.03, 0.03, 0.03, 0.03, 0.03, 0.03, 0.03, 0.03, 0.03, 0.03, 0.03, 0.03, 0.03, 0.02, 0.02, 0.02, 0.03, 0.03, 0.02, 0.02, 0.02, 0.02, 0.02, 0.02, 0.02, 0.02, 0.02, 0.02, 0.02, 0.02, 0.02, 0.02, 0.01, 0.01, 0.01, 0.0]
grid G mean tp,fp,tn,fn:    [21.55, 182.6, 717.4, 78.45]
grid G std tp,fp,tn,fn:     [30.5, 267.12, 267.12, 30.5]


name_of_experiment:         experiment 1_4_1: grid, neural_distance=add
file_name:                  siamese_cnn_image.pyc
date:                       07/08/2017   13:42:39
duration:                   1140.742212
grid mean tp,fp,tn,fn:    [51.75, 2482.55, 7417.45, 48.25]
grid std tp,fp,tn,fn:     [7.99, 666.12, 666.12, 7.99]
grid detection rate (TP/(TP+FN)):      0.5175
grid false alarm (FP/(FP+TN)):        0.250762626263
grid mean ranking:        [0.04, 0.09, 0.12, 0.15, 0.18, 0.21, 0.23, 0.26, 0.28, 0.3, 0.32, 0.35, 0.37, 0.38, 0.4, 0.42, 0.44, 0.45, 0.47, 0.48, 0.5, 0.51, 0.53, 0.54, 0.56, 0.57, 0.58, 0.6, 0.61, 0.62, 0.63, 0.64, 0.66, 0.67, 0.68, 0.69, 0.7, 0.71, 0.71, 0.71, 0.72, 0.73, 0.74, 0.75, 0.75, 0.76, 0.77, 0.78, 0.79, 0.79, 0.8, 0.81, 0.82, 0.82, 0.83, 0.83, 0.84, 0.84, 0.85, 0.86, 0.86, 0.87, 0.87, 0.88, 0.88, 0.89, 0.89, 0.9, 0.9, 0.9, 0.91, 0.91, 0.92, 0.92, 0.93, 0.93, 0.93, 0.93, 0.94, 0.94, 0.95, 0.95, 0.96, 0.96, 0.96, 0.96, 0.97, 0.97, 0.97, 0.98, 0.98, 0.98, 0.98, 0.99, 0.99, 0.99, 0.99, 1.0, 1.0, 1.0]
grid std ranking:         [0.02, 0.02, 0.03, 0.04, 0.04, 0.04, 0.04, 0.05, 0.05, 0.05, 0.05, 0.05, 0.05, 0.05, 0.06, 0.06, 0.05, 0.05, 0.05, 0.05, 0.05, 0.04, 0.05, 0.04, 0.04, 0.04, 0.04, 0.04, 0.04, 0.04, 0.04, 0.04, 0.05, 0.04, 0.04, 0.05, 0.05, 0.05, 0.05, 0.05, 0.05, 0.05, 0.05, 0.05, 0.04, 0.05, 0.04, 0.05, 0.04, 0.04, 0.04, 0.04, 0.04, 0.03, 0.03, 0.03, 0.03, 0.03, 0.03, 0.03, 0.03, 0.03, 0.03, 0.03, 0.03, 0.03, 0.03, 0.03, 0.03, 0.03, 0.03, 0.02, 0.02, 0.02, 0.02, 0.02, 0.02, 0.02, 0.02, 0.02, 0.02, 0.02, 0.02, 0.02, 0.02, 0.02, 0.02, 0.02, 0.02, 0.01, 0.02, 0.01, 0.01, 0.01, 0.01, 0.01, 0.01, 0.01, 0.0, 0.0]
grid G mean tp,fp,tn,fn:    [51.75, 232.55, 667.45, 48.25]
grid G std tp,fp,tn,fn:     [7.99, 71.31, 71.31, 7.99]


name_of_experiment:         experiment 1_5_1: grid, neural_distance=multiply
file_name:                  siamese_cnn_image.pyc
date:                       07/08/2017   14:01:42
duration:                   1139.239209
grid mean tp,fp,tn,fn:    [21.75, 386.9, 9513.1, 78.25]
grid std tp,fp,tn,fn:     [5.58, 73.83, 73.83, 5.58]
grid detection rate (TP/(TP+FN)):      0.2175
grid false alarm (FP/(FP+TN)):        0.0390808080808
grid mean ranking:        [0.08, 0.14, 0.19, 0.23, 0.27, 0.3, 0.33, 0.35, 0.37, 0.4, 0.43, 0.45, 0.47, 0.49, 0.5, 0.51, 0.53, 0.54, 0.56, 0.57, 0.58, 0.6, 0.61, 0.62, 0.64, 0.65, 0.66, 0.67, 0.68, 0.69, 0.7, 0.71, 0.72, 0.72, 0.73, 0.74, 0.74, 0.75, 0.76, 0.77, 0.77, 0.78, 0.79, 0.79, 0.8, 0.81, 0.81, 0.82, 0.83, 0.84, 0.84, 0.84, 0.85, 0.86, 0.86, 0.87, 0.87, 0.88, 0.88, 0.89, 0.89, 0.9, 0.9, 0.91, 0.91, 0.92, 0.92, 0.92, 0.93, 0.93, 0.94, 0.94, 0.94, 0.95, 0.95, 0.95, 0.96, 0.96, 0.96, 0.97, 0.97, 0.97, 0.98, 0.98, 0.98, 0.98, 0.98, 0.98, 0.98, 0.99, 0.99, 0.99, 0.99, 0.99, 0.99, 1.0, 1.0, 1.0, 1.0, 1.0]
grid std ranking:         [0.03, 0.04, 0.04, 0.04, 0.04, 0.05, 0.05, 0.06, 0.05, 0.06, 0.06, 0.07, 0.07, 0.07, 0.07, 0.07, 0.07, 0.07, 0.07, 0.06, 0.06, 0.07, 0.07, 0.07, 0.07, 0.07, 0.06, 0.07, 0.07, 0.07, 0.07, 0.07, 0.07, 0.07, 0.07, 0.07, 0.07, 0.06, 0.06, 0.06, 0.06, 0.06, 0.06, 0.06, 0.05, 0.05, 0.05, 0.05, 0.05, 0.05, 0.05, 0.05, 0.05, 0.05, 0.05, 0.05, 0.04, 0.04, 0.04, 0.04, 0.04, 0.04, 0.04, 0.04, 0.04, 0.04, 0.04, 0.04, 0.04, 0.03, 0.03, 0.03, 0.03, 0.03, 0.03, 0.03, 0.03, 0.02, 0.02, 0.02, 0.02, 0.02, 0.02, 0.01, 0.01, 0.01, 0.01, 0.01, 0.01, 0.01, 0.01, 0.01, 0.01, 0.01, 0.01, 0.01, 0.0, 0.0, 0.0, 0.0]
grid G mean tp,fp,tn,fn:    [21.75, 40.1, 859.9, 78.25]
grid G std tp,fp,tn,fn:     [5.58, 13.53, 13.53, 5.58]


name_of_experiment:         experiment 1_0_2: prid450, neural_distance=absolute
file_name:                  siamese_cnn_image.pyc
date:                       07/08/2017   12:47:05
duration:                   2381.314670
prid450 mean tp,fp,tn,fn:    [16.4, 218.9, 9681.1, 83.6]
prid450 std tp,fp,tn,fn:     [7.23, 144.56, 144.56, 7.23]
prid450 detection rate (TP/(TP+FN)):      0.164
prid450 false alarm (FP/(FP+TN)):        0.0221111111111
prid450 mean ranking:        [0.14, 0.23, 0.29, 0.35, 0.4, 0.43, 0.46, 0.49, 0.51, 0.53, 0.55, 0.57, 0.59, 0.61, 0.62, 0.64, 0.65, 0.67, 0.68, 0.69, 0.7, 0.72, 0.73, 0.74, 0.75, 0.76, 0.77, 0.78, 0.79, 0.8, 0.81, 0.82, 0.82, 0.83, 0.84, 0.85, 0.85, 0.86, 0.87, 0.88, 0.89, 0.89, 0.9, 0.9, 0.9, 0.91, 0.91, 0.92, 0.92, 0.93, 0.93, 0.94, 0.94, 0.94, 0.95, 0.95, 0.95, 0.95, 0.96, 0.96, 0.96, 0.97, 0.97, 0.97, 0.97, 0.97, 0.97, 0.98, 0.98, 0.98, 0.98, 0.98, 0.98, 0.98, 0.98, 0.98, 0.98, 0.99, 0.99, 0.99, 0.99, 0.99, 0.99, 0.99, 0.99, 0.99, 1.0, 1.0, 1.0, 1.0, 1.0, 1.0, 1.0, 1.0, 1.0, 1.0, 1.0, 1.0, 1.0, 1.0]
prid450 std ranking:         [0.04, 0.06, 0.07, 0.07, 0.07, 0.07, 0.08, 0.08, 0.08, 0.08, 0.08, 0.08, 0.08, 0.08, 0.08, 0.07, 0.07, 0.07, 0.06, 0.06, 0.06, 0.06, 0.06, 0.05, 0.05, 0.05, 0.05, 0.05, 0.05, 0.05, 0.04, 0.04, 0.04, 0.04, 0.04, 0.04, 0.05, 0.05, 0.05, 0.04, 0.04, 0.04, 0.04, 0.04, 0.04, 0.04, 0.04, 0.03, 0.03, 0.03, 0.03, 0.03, 0.02, 0.02, 0.02, 0.02, 0.02, 0.02, 0.02, 0.02, 0.02, 0.01, 0.02, 0.01, 0.01, 0.01, 0.01, 0.01, 0.01, 0.01, 0.01, 0.01, 0.01, 0.01, 0.01, 0.01, 0.01, 0.01, 0.01, 0.01, 0.01, 0.01, 0.01, 0.01, 0.01, 0.01, 0.01, 0.01, 0.01, 0.0, 0.0, 0.0, 0.0, 0.0, 0.0, 0.0, 0.0, 0.0, 0.0, 0.0]
prid450 G mean tp,fp,tn,fn:    [16.4, 20.35, 879.65, 83.6]
prid450 G std tp,fp,tn,fn:     [7.23, 18.62, 18.62, 7.23]


name_of_experiment:         experiment 1_1_2: prid450, neural_distance=subtract
file_name:                  siamese_cnn_image.pyc
date:                       07/08/2017   13:26:52
duration:                   2383.841759
prid450 mean tp,fp,tn,fn:    [44.95, 1017.15, 8882.85, 55.05]
prid450 std tp,fp,tn,fn:     [9.27, 213.61, 213.61, 9.27]
prid450 detection rate (TP/(TP+FN)):      0.4495
prid450 false alarm (FP/(FP+TN)):        0.102742424242
prid450 mean ranking:        [0.12, 0.19, 0.25, 0.29, 0.34, 0.38, 0.41, 0.44, 0.47, 0.49, 0.52, 0.54, 0.56, 0.58, 0.6, 0.61, 0.63, 0.64, 0.66, 0.67, 0.69, 0.7, 0.71, 0.72, 0.73, 0.74, 0.75, 0.76, 0.77, 0.78, 0.79, 0.8, 0.81, 0.82, 0.83, 0.84, 0.85, 0.86, 0.86, 0.87, 0.88, 0.89, 0.89, 0.9, 0.9, 0.91, 0.91, 0.92, 0.92, 0.93, 0.93, 0.94, 0.94, 0.95, 0.95, 0.95, 0.95, 0.96, 0.96, 0.96, 0.97, 0.97, 0.97, 0.98, 0.98, 0.98, 0.98, 0.98, 0.98, 0.99, 0.99, 0.99, 0.99, 0.99, 0.99, 0.99, 0.99, 0.99, 0.99, 0.99, 1.0, 1.0, 1.0, 1.0, 1.0, 1.0, 1.0, 1.0, 1.0, 1.0, 1.0, 1.0, 1.0, 1.0, 1.0, 1.0, 1.0, 1.0, 1.0, 1.0]
prid450 std ranking:         [0.04, 0.04, 0.04, 0.04, 0.05, 0.05, 0.06, 0.07, 0.07, 0.06, 0.06, 0.06, 0.06, 0.07, 0.06, 0.06, 0.06, 0.06, 0.06, 0.05, 0.05, 0.05, 0.05, 0.05, 0.04, 0.04, 0.04, 0.04, 0.04, 0.04, 0.03, 0.03, 0.03, 0.03, 0.03, 0.04, 0.04, 0.03, 0.03, 0.03, 0.03, 0.03, 0.03, 0.03, 0.03, 0.03, 0.03, 0.03, 0.03, 0.02, 0.02, 0.02, 0.02, 0.02, 0.02, 0.02, 0.02, 0.02, 0.02, 0.02, 0.02, 0.02, 0.01, 0.02, 0.01, 0.01, 0.01, 0.01, 0.01, 0.01, 0.01, 0.01, 0.01, 0.01, 0.01, 0.01, 0.01, 0.01, 0.01, 0.01, 0.01, 0.01, 0.01, 0.01, 0.01, 0.01, 0.01, 0.01, 0.0, 0.0, 0.0, 0.0, 0.0, 0.0, 0.0, 0.0, 0.0, 0.0, 0.0, 0.0]
prid450 G mean tp,fp,tn,fn:    [44.95, 97.1, 802.9, 55.05]
prid450 G std tp,fp,tn,fn:     [9.27, 33.05, 33.05, 9.27]


name_of_experiment:         experiment 1_2_2: prid450, neural_distance=concatenate
file_name:                  siamese_cnn_image.pyc
date:                       07/08/2017   14:06:54
duration:                   2398.000660
prid450 mean tp,fp,tn,fn:    [60.75, 1940.6, 7959.4, 39.25]
prid450 std tp,fp,tn,fn:     [11.53, 467.43, 467.43, 11.53]
prid450 detection rate (TP/(TP+FN)):      0.6075
prid450 false alarm (FP/(FP+TN)):        0.19602020202
prid450 mean ranking:        [0.08, 0.14, 0.19, 0.23, 0.29, 0.32, 0.34, 0.37, 0.4, 0.43, 0.45, 0.47, 0.5, 0.52, 0.54, 0.56, 0.58, 0.6, 0.61, 0.63, 0.64, 0.65, 0.67, 0.68, 0.69, 0.7, 0.71, 0.73, 0.75, 0.76, 0.78, 0.79, 0.8, 0.81, 0.82, 0.83, 0.84, 0.85, 0.85, 0.86, 0.87, 0.87, 0.88, 0.89, 0.89, 0.9, 0.9, 0.9, 0.91, 0.92, 0.92, 0.93, 0.93, 0.94, 0.94, 0.95, 0.95, 0.95, 0.95, 0.96, 0.96, 0.96, 0.96, 0.97, 0.97, 0.97, 0.97, 0.98, 0.98, 0.98, 0.98, 0.98, 0.99, 0.99, 0.99, 0.99, 0.99, 0.99, 1.0, 1.0, 1.0, 1.0, 1.0, 1.0, 1.0, 1.0, 1.0, 1.0, 1.0, 1.0, 1.0, 1.0, 1.0, 1.0, 1.0, 1.0, 1.0, 1.0, 1.0, 1.0]
prid450 std ranking:         [0.03, 0.05, 0.05, 0.06, 0.07, 0.08, 0.08, 0.07, 0.07, 0.08, 0.09, 0.08, 0.08, 0.08, 0.08, 0.08, 0.08, 0.08, 0.08, 0.08, 0.08, 0.08, 0.07, 0.07, 0.07, 0.07, 0.07, 0.07, 0.06, 0.06, 0.06, 0.07, 0.06, 0.06, 0.06, 0.06, 0.06, 0.05, 0.05, 0.05, 0.05, 0.05, 0.05, 0.05, 0.05, 0.04, 0.04, 0.04, 0.04, 0.04, 0.04, 0.04, 0.03, 0.03, 0.03, 0.03, 0.03, 0.03, 0.03, 0.03, 0.02, 0.02, 0.02, 0.02, 0.02, 0.02, 0.02, 0.02, 0.02, 0.02, 0.02, 0.01, 0.01, 0.01, 0.01, 0.01, 0.01, 0.01, 0.0, 0.0, 0.0, 0.0, 0.0, 0.0, 0.0, 0.0, 0.0, 0.0, 0.0, 0.0, 0.0, 0.0, 0.0, 0.0, 0.0, 0.0, 0.0, 0.0, 0.0, 0.0]
prid450 G mean tp,fp,tn,fn:    [60.75, 168.75, 731.25, 39.25]
prid450 G std tp,fp,tn,fn:     [11.53, 40.43, 40.43, 11.53]


name_of_experiment:         experiment 1_3_2: prid450, neural_distance=divide
file_name:                  siamese_cnn_image.pyc
date:                       07/08/2017   14:44:11
duration:                   2233.482180
prid450 mean tp,fp,tn,fn:    [7.2, 816.45, 9083.55, 92.8]
prid450 std tp,fp,tn,fn:     [17.42, 1972.53, 1972.53, 17.42]
prid450 detection rate (TP/(TP+FN)):      0.072
prid450 false alarm (FP/(FP+TN)):        0.0824696969697
prid450 mean ranking:        [0.01, 0.02, 0.03, 0.04, 0.05, 0.06, 0.07, 0.08, 0.09, 0.1, 0.11, 0.12, 0.13, 0.14, 0.15, 0.16, 0.17, 0.18, 0.19, 0.2, 0.21, 0.22, 0.23, 0.24, 0.25, 0.26, 0.27, 0.28, 0.29, 0.29, 0.3, 0.31, 0.32, 0.34, 0.35, 0.36, 0.37, 0.38, 0.39, 0.4, 0.41, 0.41, 0.42, 0.43, 0.44, 0.45, 0.46, 0.47, 0.48, 0.49, 0.5, 0.51, 0.52, 0.53, 0.54, 0.55, 0.56, 0.57, 0.58, 0.59, 0.6, 0.61, 0.63, 0.64, 0.65, 0.66, 0.67, 0.68, 0.69, 0.7, 0.71, 0.72, 0.73, 0.74, 0.75, 0.76, 0.77, 0.78, 0.79, 0.8, 0.81, 0.82, 0.83, 0.84, 0.85, 0.86, 0.87, 0.88, 0.89, 0.9, 0.91, 0.92, 0.93, 0.94, 0.95, 0.96, 0.97, 0.98, 0.99, 1.0]
prid450 std ranking:         [0.0, 0.0, 0.0, 0.01, 0.01, 0.0, 0.0, 0.01, 0.01, 0.01, 0.01, 0.01, 0.01, 0.01, 0.01, 0.01, 0.01, 0.01, 0.01, 0.01, 0.01, 0.01, 0.01, 0.01, 0.01, 0.01, 0.01, 0.01, 0.02, 0.02, 0.02, 0.02, 0.02, 0.02, 0.01, 0.01, 0.01, 0.01, 0.01, 0.02, 0.02, 0.02, 0.02, 0.02, 0.02, 0.02, 0.02, 0.02, 0.02, 0.02, 0.02, 0.02, 0.03, 0.03, 0.03, 0.03, 0.02, 0.03, 0.03, 0.02, 0.02, 0.01, 0.01, 0.01, 0.01, 0.01, 0.01, 0.01, 0.01, 0.01, 0.01, 0.01, 0.0, 0.01, 0.0, 0.01, 0.01, 0.01, 0.01, 0.01, 0.01, 0.01, 0.01, 0.01, 0.01, 0.01, 0.01, 0.01, 0.01, 0.01, 0.01, 0.01, 0.0, 0.01, 0.0, 0.0, 0.0, 0.0, 0.0, 0.0]
prid450 G mean tp,fp,tn,fn:    [7.2, 72.1, 827.9, 92.8]
prid450 G std tp,fp,tn,fn:     [17.42, 174.16, 174.16, 17.42]


name_of_experiment:         experiment 1_4_2: prid450, neural_distance=add
file_name:                  siamese_cnn_image.pyc
date:                       07/08/2017   15:21:17
duration:                   2222.064324
prid450 mean tp,fp,tn,fn:    [79.25, 3531.9, 6368.1, 20.75]
prid450 std tp,fp,tn,fn:     [10.96, 675.54, 675.54, 10.96]
prid450 detection rate (TP/(TP+FN)):      0.7925
prid450 false alarm (FP/(FP+TN)):        0.356757575758
prid450 mean ranking:        [0.07, 0.11, 0.15, 0.19, 0.22, 0.26, 0.29, 0.32, 0.35, 0.38, 0.41, 0.43, 0.45, 0.47, 0.49, 0.51, 0.53, 0.54, 0.57, 0.59, 0.61, 0.62, 0.63, 0.65, 0.66, 0.68, 0.69, 0.71, 0.72, 0.74, 0.75, 0.76, 0.77, 0.78, 0.79, 0.81, 0.82, 0.83, 0.84, 0.85, 0.86, 0.87, 0.87, 0.88, 0.89, 0.89, 0.9, 0.9, 0.91, 0.91, 0.92, 0.93, 0.93, 0.93, 0.94, 0.94, 0.95, 0.95, 0.95, 0.95, 0.96, 0.96, 0.96, 0.96, 0.96, 0.97, 0.97, 0.97, 0.97, 0.97, 0.97, 0.97, 0.98, 0.98, 0.98, 0.98, 0.98, 0.98, 0.98, 0.98, 0.98, 0.98, 0.99, 0.99, 0.99, 0.99, 0.99, 0.99, 0.99, 0.99, 1.0, 1.0, 1.0, 1.0, 1.0, 1.0, 1.0, 1.0, 1.0, 1.0]
prid450 std ranking:         [0.02, 0.03, 0.04, 0.04, 0.05, 0.05, 0.05, 0.06, 0.06, 0.06, 0.07, 0.07, 0.08, 0.08, 0.07, 0.08, 0.08, 0.08, 0.08, 0.08, 0.08, 0.08, 0.07, 0.08, 0.07, 0.08, 0.08, 0.08, 0.08, 0.08, 0.07, 0.07, 0.07, 0.07, 0.07, 0.06, 0.07, 0.06, 0.06, 0.06, 0.06, 0.06, 0.06, 0.06, 0.06, 0.06, 0.06, 0.05, 0.05, 0.05, 0.05, 0.05, 0.05, 0.05, 0.05, 0.04, 0.04, 0.04, 0.04, 0.04, 0.04, 0.04, 0.04, 0.04, 0.03, 0.03, 0.03, 0.03, 0.02, 0.02, 0.02, 0.02, 0.02, 0.02, 0.02, 0.02, 0.02, 0.02, 0.02, 0.02, 0.02, 0.02, 0.02, 0.01, 0.01, 0.01, 0.01, 0.01, 0.01, 0.01, 0.01, 0.01, 0.01, 0.01, 0.0, 0.0, 0.0, 0.0, 0.0, 0.0]
prid450 G mean tp,fp,tn,fn:    [79.25, 316.15, 583.85, 20.75]
prid450 G std tp,fp,tn,fn:     [10.96, 63.64, 63.64, 10.96]


name_of_experiment:         experiment 1_5_2: prid450, neural_distance=multiply
file_name:                  siamese_cnn_image.pyc
date:                       07/08/2017   15:59:23
duration:                   2282.576283
prid450 mean tp,fp,tn,fn:    [28.45, 548.95, 9351.05, 71.55]
prid450 std tp,fp,tn,fn:     [7.05, 267.18, 267.18, 7.05]
prid450 detection rate (TP/(TP+FN)):      0.2845
prid450 false alarm (FP/(FP+TN)):        0.0554494949495
prid450 mean ranking:        [0.12, 0.19, 0.24, 0.27, 0.3, 0.33, 0.36, 0.39, 0.42, 0.44, 0.46, 0.49, 0.5, 0.52, 0.53, 0.55, 0.56, 0.57, 0.58, 0.59, 0.61, 0.62, 0.63, 0.64, 0.65, 0.66, 0.67, 0.68, 0.69, 0.7, 0.71, 0.72, 0.73, 0.73, 0.74, 0.75, 0.76, 0.76, 0.77, 0.78, 0.79, 0.8, 0.81, 0.81, 0.82, 0.82, 0.83, 0.84, 0.85, 0.86, 0.86, 0.87, 0.88, 0.88, 0.89, 0.89, 0.89, 0.9, 0.9, 0.91, 0.91, 0.91, 0.91, 0.92, 0.92, 0.93, 0.93, 0.93, 0.94, 0.94, 0.94, 0.95, 0.95, 0.95, 0.95, 0.96, 0.96, 0.96, 0.97, 0.97, 0.97, 0.98, 0.98, 0.98, 0.98, 0.98, 0.98, 0.98, 0.99, 0.99, 0.99, 0.99, 1.0, 1.0, 1.0, 1.0, 1.0, 1.0, 1.0, 1.0]
prid450 std ranking:         [0.05, 0.06, 0.05, 0.05, 0.05, 0.05, 0.06, 0.06, 0.06, 0.06, 0.06, 0.07, 0.06, 0.06, 0.06, 0.06, 0.06, 0.06, 0.06, 0.06, 0.06, 0.05, 0.05, 0.05, 0.05, 0.05, 0.05, 0.05, 0.06, 0.06, 0.06, 0.05, 0.05, 0.05, 0.05, 0.05, 0.05, 0.05, 0.05, 0.04, 0.04, 0.04, 0.04, 0.04, 0.04, 0.04, 0.03, 0.04, 0.03, 0.03, 0.03, 0.03, 0.02, 0.02, 0.02, 0.02, 0.02, 0.02, 0.02, 0.02, 0.02, 0.02, 0.02, 0.02, 0.02, 0.02, 0.02, 0.02, 0.02, 0.02, 0.02, 0.02, 0.01, 0.02, 0.01, 0.02, 0.02, 0.02, 0.02, 0.02, 0.02, 0.02, 0.02, 0.01, 0.01, 0.01, 0.01, 0.01, 0.01, 0.01, 0.01, 0.01, 0.01, 0.0, 0.0, 0.0, 0.0, 0.0, 0.0, 0.0]
prid450 G mean tp,fp,tn,fn:    [28.45, 44.45, 855.55, 71.55]
prid450 G std tp,fp,tn,fn:     [7.05, 21.8, 21.8, 7.05]
