# 7	training: train on all ordered for subset={viper, grid, prid450}, with batchnorm (note: vital)
# so train on dataset A, save, then B, save then train+test on C

ex_7_0      done
ex_7_1      done
ex_7_2      done
ex_7_3      done
ex_7_4      done
ex_7_5      done

name_of_experiment:         experiment 7_0: train only then save on each dataset [grid, prid450]. load, retrain and test=viper
file_name:                  experiments_thesis.py
date:                       08/08/2017   07:22:54
duration:                   3557.647249
viper mean tp,fp,tn,fn:    [0.09, 0.15, 0.21, 0.26, 0.3, 0.34, 0.37, 0.4, 0.43, 0.46, 0.49, 0.51, 0.53, 0.55, 0.58, 0.6, 0.62, 0.63, 0.65, 0.67, 0.68, 0.69, 0.7, 0.71, 0.73, 0.74, 0.75, 0.76, 0.77, 0.78, 0.79, 0.79, 0.8, 0.81, 0.82, 0.83, 0.84, 0.85, 0.85, 0.86, 0.87, 0.88, 0.88, 0.89, 0.89, 0.9, 0.9, 0.91, 0.91, 0.91, 0.92, 0.92, 0.92, 0.93, 0.93, 0.94, 0.94, 0.94, 0.94, 0.94, 0.95, 0.95, 0.95, 0.95, 0.96, 0.96, 0.96, 0.96, 0.97, 0.97, 0.97, 0.97, 0.97, 0.98, 0.98, 0.98, 0.98, 0.98, 0.98, 0.99, 0.99, 0.99, 0.99, 0.99, 0.99, 0.99, 0.99, 0.99, 0.99, 1.0, 1.0, 1.0, 1.0, 1.0, 1.0, 1.0, 1.0, 1.0, 1.0, 1.0]
viper std tp,fp,tn,fn:     [0.04, 0.04, 0.05, 0.06, 0.07, 0.07, 0.08, 0.08, 0.08, 0.08, 0.08, 0.09, 0.09, 0.09, 0.09, 0.1, 0.1, 0.09, 0.09, 0.1, 0.1, 0.1, 0.09, 0.1, 0.09, 0.09, 0.09, 0.08, 0.08, 0.08, 0.08, 0.08, 0.07, 0.07, 0.07, 0.07, 0.07, 0.06, 0.06, 0.06, 0.06, 0.06, 0.05, 0.05, 0.05, 0.05, 0.05, 0.05, 0.05, 0.05, 0.04, 0.04, 0.04, 0.04, 0.04, 0.04, 0.03, 0.03, 0.03, 0.03, 0.03, 0.03, 0.03, 0.03, 0.03, 0.03, 0.02, 0.02, 0.02, 0.02, 0.02, 0.02, 0.02, 0.02, 0.02, 0.02, 0.02, 0.01, 0.01, 0.01, 0.01, 0.01, 0.01, 0.01, 0.01, 0.01, 0.01, 0.01, 0.01, 0.01, 0.01, 0.0, 0.0, 0.0, 0.0, 0.0, 0.0, 0.0, 0.0, 0.0]
viper detection rate (TP/(TP+FN)):      0.256150506512
viper false alarm (FP/(FP+TN)):        0.420391061453
viper mean ranking:        [21.2, 379.8, 9520.2, 78.8]
viper std ranking:         [8.36, 182.73, 182.73, 8.36]


name_of_experiment:         experiment 7_1: train only then save on each dataset [prid450, grid]. load, retrain and test=viper
file_name:                  experiments_thesis.py
date:                       08/08/2017   09:37:48
duration:                   3554.893233
viper mean tp,fp,tn,fn:    [0.09, 0.16, 0.21, 0.27, 0.3, 0.34, 0.38, 0.4, 0.44, 0.47, 0.49, 0.51, 0.53, 0.55, 0.57, 0.59, 0.62, 0.63, 0.65, 0.66, 0.68, 0.69, 0.7, 0.71, 0.73, 0.74, 0.74, 0.75, 0.76, 0.77, 0.79, 0.79, 0.8, 0.81, 0.82, 0.83, 0.84, 0.85, 0.85, 0.86, 0.86, 0.87, 0.87, 0.88, 0.88, 0.89, 0.89, 0.9, 0.9, 0.9, 0.91, 0.91, 0.91, 0.92, 0.93, 0.93, 0.93, 0.94, 0.94, 0.94, 0.94, 0.95, 0.95, 0.95, 0.95, 0.96, 0.96, 0.96, 0.96, 0.97, 0.97, 0.97, 0.97, 0.97, 0.97, 0.98, 0.98, 0.98, 0.98, 0.98, 0.98, 0.98, 0.99, 0.99, 0.99, 0.99, 0.99, 0.99, 0.99, 0.99, 0.99, 0.99, 0.99, 1.0, 1.0, 1.0, 1.0, 1.0, 1.0, 1.0]
viper std tp,fp,tn,fn:     [0.03, 0.04, 0.04, 0.05, 0.06, 0.06, 0.07, 0.07, 0.07, 0.07, 0.07, 0.06, 0.06, 0.06, 0.06, 0.07, 0.07, 0.08, 0.08, 0.08, 0.07, 0.07, 0.08, 0.08, 0.07, 0.07, 0.07, 0.07, 0.07, 0.07, 0.07, 0.07, 0.07, 0.06, 0.06, 0.06, 0.06, 0.06, 0.06, 0.06, 0.06, 0.05, 0.05, 0.05, 0.05, 0.05, 0.05, 0.05, 0.05, 0.05, 0.04, 0.04, 0.04, 0.04, 0.04, 0.04, 0.03, 0.03, 0.03, 0.03, 0.03, 0.03, 0.03, 0.02, 0.02, 0.03, 0.02, 0.03, 0.02, 0.02, 0.02, 0.02, 0.02, 0.02, 0.02, 0.02, 0.01, 0.01, 0.01, 0.02, 0.01, 0.01, 0.01, 0.01, 0.01, 0.01, 0.01, 0.01, 0.01, 0.01, 0.01, 0.01, 0.01, 0.01, 0.0, 0.0, 0.0, 0.0, 0.0, 0.0]
viper detection rate (TP/(TP+FN)):      0.2625
viper false alarm (FP/(FP+TN)):        0.424528301887
viper mean ranking:        [18.35, 340.6, 9559.4, 81.65]
viper std ranking:         [9.45, 189.96, 189.96, 9.45]


name_of_experiment:         experiment 7_2: train only then save on each dataset [grid, viper]. load, retrain and test=prid450
file_name:                  experiments_thesis.py
date:                       08/08/2017   12:16:42
duration:                   2858.445297
prid450 mean tp,fp,tn,fn:    [0.12, 0.19, 0.26, 0.31, 0.35, 0.39, 0.41, 0.45, 0.47, 0.49, 0.52, 0.54, 0.57, 0.58, 0.6, 0.62, 0.63, 0.65, 0.67, 0.68, 0.69, 0.71, 0.72, 0.73, 0.75, 0.76, 0.77, 0.78, 0.78, 0.79, 0.8, 0.8, 0.81, 0.82, 0.82, 0.83, 0.84, 0.85, 0.85, 0.86, 0.87, 0.87, 0.88, 0.88, 0.89, 0.9, 0.9, 0.9, 0.91, 0.91, 0.92, 0.92, 0.93, 0.93, 0.93, 0.94, 0.94, 0.94, 0.95, 0.95, 0.95, 0.96, 0.96, 0.96, 0.96, 0.97, 0.97, 0.97, 0.97, 0.98, 0.98, 0.98, 0.98, 0.98, 0.98, 0.98, 0.98, 0.98, 0.99, 0.99, 0.99, 0.99, 0.99, 0.99, 1.0, 1.0, 1.0, 1.0, 1.0, 1.0, 1.0, 1.0, 1.0, 1.0, 1.0, 1.0, 1.0, 1.0, 1.0, 1.0]
prid450 std tp,fp,tn,fn:     [0.03, 0.04, 0.05, 0.06, 0.06, 0.07, 0.07, 0.07, 0.07, 0.06, 0.06, 0.07, 0.06, 0.07, 0.07, 0.07, 0.06, 0.06, 0.06, 0.07, 0.06, 0.06, 0.06, 0.06, 0.06, 0.05, 0.05, 0.05, 0.05, 0.05, 0.05, 0.05, 0.04, 0.04, 0.04, 0.04, 0.04, 0.04, 0.04, 0.04, 0.04, 0.04, 0.04, 0.04, 0.03, 0.04, 0.03, 0.03, 0.03, 0.03, 0.03, 0.03, 0.03, 0.03, 0.03, 0.03, 0.02, 0.02, 0.02, 0.02, 0.02, 0.02, 0.02, 0.02, 0.02, 0.02, 0.02, 0.02, 0.02, 0.02, 0.02, 0.02, 0.02, 0.01, 0.01, 0.01, 0.01, 0.01, 0.01, 0.01, 0.01, 0.01, 0.01, 0.01, 0.01, 0.01, 0.0, 0.0, 0.0, 0.0, 0.0, 0.0, 0.0, 0.0, 0.0, 0.0, 0.0, 0.0, 0.0, 0.0]
prid450 detection rate (TP/(TP+FN)):      0.276923076923
prid450 false alarm (FP/(FP+TN)):        0.426356589147
prid450 mean ranking:        [12.0, 150.9, 9749.1, 88.0]
prid450 std ranking:         [5.77, 84.95, 84.95, 5.77]


name_of_experiment:         experiment 7_3: train only then save on each dataset [viper, grid]. load, retrain and test=prid450
file_name:                  experiments_thesis.py
date:                       08/08/2017   15:01:28
duration:                   2965.765836
prid450 mean tp,fp,tn,fn:    [0.11, 0.18, 0.23, 0.28, 0.32, 0.35, 0.38, 0.41, 0.44, 0.47, 0.5, 0.52, 0.53, 0.55, 0.57, 0.59, 0.6, 0.62, 0.64, 0.65, 0.66, 0.67, 0.68, 0.69, 0.7, 0.71, 0.72, 0.74, 0.75, 0.75, 0.76, 0.77, 0.78, 0.79, 0.79, 0.8, 0.81, 0.82, 0.83, 0.83, 0.84, 0.85, 0.85, 0.86, 0.86, 0.87, 0.88, 0.88, 0.89, 0.89, 0.9, 0.9, 0.91, 0.91, 0.91, 0.92, 0.92, 0.93, 0.93, 0.93, 0.94, 0.94, 0.94, 0.95, 0.95, 0.96, 0.96, 0.96, 0.96, 0.96, 0.97, 0.97, 0.97, 0.98, 0.98, 0.98, 0.98, 0.98, 0.98, 0.98, 0.98, 0.98, 0.98, 0.99, 0.99, 0.99, 0.99, 0.99, 1.0, 1.0, 1.0, 1.0, 1.0, 1.0, 1.0, 1.0, 1.0, 1.0, 1.0, 1.0]
prid450 std tp,fp,tn,fn:     [0.04, 0.06, 0.07, 0.08, 0.08, 0.08, 0.08, 0.08, 0.08, 0.08, 0.08, 0.08, 0.08, 0.08, 0.09, 0.08, 0.09, 0.09, 0.08, 0.08, 0.08, 0.08, 0.08, 0.08, 0.08, 0.08, 0.07, 0.07, 0.07, 0.07, 0.07, 0.07, 0.07, 0.07, 0.07, 0.07, 0.07, 0.07, 0.07, 0.07, 0.06, 0.06, 0.06, 0.06, 0.06, 0.05, 0.05, 0.05, 0.05, 0.05, 0.05, 0.04, 0.04, 0.04, 0.04, 0.04, 0.04, 0.04, 0.03, 0.03, 0.03, 0.03, 0.03, 0.03, 0.03, 0.03, 0.03, 0.02, 0.03, 0.02, 0.02, 0.02, 0.02, 0.02, 0.02, 0.02, 0.01, 0.01, 0.01, 0.01, 0.01, 0.01, 0.01, 0.01, 0.01, 0.01, 0.01, 0.01, 0.01, 0.01, 0.01, 0.01, 0.01, 0.01, 0.0, 0.0, 0.0, 0.0, 0.0, 0.0]
prid450 detection rate (TP/(TP+FN)):      0.27626459144
prid450 false alarm (FP/(FP+TN)):        0.434146341463
prid450 mean ranking:        [10.1, 144.3, 9755.7, 89.9]
prid450 std ranking:         [5.99, 71.07, 71.07, 5.99]


name_of_experiment:         experiment 7_4: train only then save on each dataset [viper, prid450]. load, retrain and test=grid
file_name:                  experiments_thesis.py
date:                       08/08/2017   18:37:51
duration:                   2538.453933
grid mean tp,fp,tn,fn:    [0.09, 0.16, 0.22, 0.26, 0.31, 0.34, 0.37, 0.4, 0.43, 0.46, 0.48, 0.5, 0.52, 0.54, 0.56, 0.58, 0.59, 0.61, 0.63, 0.65, 0.66, 0.68, 0.69, 0.71, 0.72, 0.73, 0.74, 0.75, 0.76, 0.77, 0.78, 0.78, 0.79, 0.8, 0.81, 0.82, 0.83, 0.84, 0.84, 0.85, 0.85, 0.86, 0.87, 0.87, 0.88, 0.89, 0.89, 0.9, 0.9, 0.9, 0.91, 0.92, 0.92, 0.92, 0.92, 0.93, 0.93, 0.94, 0.94, 0.94, 0.94, 0.95, 0.95, 0.95, 0.96, 0.96, 0.96, 0.96, 0.97, 0.97, 0.97, 0.97, 0.97, 0.97, 0.98, 0.98, 0.98, 0.98, 0.98, 0.98, 0.99, 0.99, 0.99, 0.99, 0.99, 0.99, 0.99, 0.99, 1.0, 1.0, 1.0, 1.0, 1.0, 1.0, 1.0, 1.0, 1.0, 1.0, 1.0, 1.0]
grid std tp,fp,tn,fn:     [0.02, 0.03, 0.04, 0.04, 0.05, 0.05, 0.05, 0.05, 0.05, 0.05, 0.06, 0.06, 0.06, 0.06, 0.07, 0.07, 0.07, 0.06, 0.06, 0.06, 0.06, 0.06, 0.06, 0.06, 0.06, 0.06, 0.06, 0.05, 0.05, 0.05, 0.05, 0.05, 0.05, 0.05, 0.05, 0.05, 0.05, 0.05, 0.05, 0.04, 0.04, 0.04, 0.04, 0.04, 0.04, 0.04, 0.04, 0.04, 0.03, 0.03, 0.03, 0.03, 0.03, 0.03, 0.03, 0.03, 0.03, 0.03, 0.02, 0.02, 0.02, 0.02, 0.02, 0.02, 0.02, 0.02, 0.02, 0.02, 0.02, 0.02, 0.02, 0.02, 0.02, 0.02, 0.01, 0.01, 0.01, 0.01, 0.01, 0.01, 0.01, 0.01, 0.01, 0.01, 0.01, 0.01, 0.01, 0.01, 0.01, 0.01, 0.01, 0.01, 0.0, 0.0, 0.0, 0.0, 0.0, 0.0, 0.0, 0.0]
grid detection rate (TP/(TP+FN)):      0.258426966292
grid false alarm (FP/(FP+TN)):        0.428950863214
grid mean ranking:        [10.05, 166.45, 9733.55, 89.95]
grid std ranking:         [4.19, 69.77, 69.77, 4.19]


name_of_experiment:         experiment 7_5: train only then save on each dataset [prid450, viper]. load, retrain and test=grid
file_name:                  experiments_thesis.py
date:                       08/08/2017   23:07:00
duration:                   3591.311953
grid mean tp,fp,tn,fn:    [0.09, 0.17, 0.22, 0.26, 0.3, 0.34, 0.38, 0.41, 0.45, 0.47, 0.5, 0.52, 0.54, 0.56, 0.58, 0.6, 0.61, 0.63, 0.64, 0.66, 0.68, 0.69, 0.71, 0.72, 0.73, 0.74, 0.75, 0.76, 0.77, 0.78, 0.79, 0.8, 0.8, 0.81, 0.82, 0.83, 0.83, 0.84, 0.85, 0.85, 0.86, 0.87, 0.87, 0.88, 0.88, 0.89, 0.89, 0.9, 0.9, 0.9, 0.91, 0.91, 0.92, 0.92, 0.93, 0.93, 0.93, 0.93, 0.93, 0.94, 0.94, 0.95, 0.95, 0.95, 0.96, 0.96, 0.96, 0.96, 0.96, 0.97, 0.97, 0.97, 0.97, 0.98, 0.98, 0.98, 0.98, 0.98, 0.98, 0.99, 0.99, 0.99, 0.99, 0.99, 0.99, 0.99, 0.99, 0.99, 1.0, 1.0, 1.0, 1.0, 1.0, 1.0, 1.0, 1.0, 1.0, 1.0, 1.0, 1.0]
grid std tp,fp,tn,fn:     [0.03, 0.05, 0.06, 0.06, 0.07, 0.08, 0.07, 0.08, 0.07, 0.07, 0.07, 0.07, 0.07, 0.07, 0.07, 0.07, 0.07, 0.07, 0.07, 0.07, 0.06, 0.06, 0.06, 0.06, 0.05, 0.05, 0.05, 0.05, 0.05, 0.05, 0.05, 0.05, 0.05, 0.05, 0.05, 0.05, 0.05, 0.04, 0.04, 0.04, 0.04, 0.04, 0.03, 0.04, 0.03, 0.03, 0.03, 0.03, 0.03, 0.03, 0.03, 0.03, 0.03, 0.03, 0.03, 0.02, 0.02, 0.02, 0.02, 0.02, 0.02, 0.02, 0.02, 0.02, 0.02, 0.02, 0.02, 0.02, 0.02, 0.02, 0.02, 0.02, 0.02, 0.01, 0.01, 0.01, 0.01, 0.01, 0.01, 0.01, 0.01, 0.01, 0.01, 0.01, 0.01, 0.01, 0.01, 0.01, 0.01, 0.01, 0.01, 0.01, 0.01, 0.0, 0.0, 0.0, 0.0, 0.0, 0.0, 0.0]
grid detection rate (TP/(TP+FN)):      0.252468265162
grid false alarm (FP/(FP+TN)):        0.431551499348
grid mean ranking:        [11.95, 206.45, 9693.55, 88.05]
grid std ranking:         [7.3, 146.83, 146.83, 7.3]
