# 8	training: train on all ordered for subset={viper, grid, prid450}, no batchnorm (note: vital)
# so train on dataset A, save, then B, save then train+test on C

ex_8_0  done
ex_8_1  done
ex_8_2  done

name_of_experiment:         experiment 8_0: train only then save on each dataset [grid, prid450]. load, retrain and test=viper
file_name:                  experiments_thesis.py
date:                       08/08/2017   06:16:49
duration:                   2712.580600
viper mean tp,fp,tn,fn:    [0.09, 0.16, 0.22, 0.27, 0.31, 0.35, 0.38, 0.41, 0.44, 0.47, 0.5, 0.52, 0.54, 0.57, 0.58, 0.6, 0.62, 0.64, 0.65, 0.67, 0.69, 0.7, 0.71, 0.72, 0.73, 0.75, 0.75, 0.76, 0.77, 0.78, 0.79, 0.79, 0.8, 0.81, 0.82, 0.83, 0.84, 0.84, 0.85, 0.86, 0.86, 0.87, 0.87, 0.88, 0.88, 0.89, 0.89, 0.9, 0.9, 0.91, 0.91, 0.91, 0.92, 0.92, 0.93, 0.93, 0.93, 0.94, 0.94, 0.94, 0.95, 0.95, 0.95, 0.95, 0.96, 0.96, 0.96, 0.96, 0.97, 0.97, 0.97, 0.97, 0.97, 0.98, 0.98, 0.98, 0.98, 0.98, 0.99, 0.99, 0.99, 0.99, 0.99, 0.99, 0.99, 0.99, 0.99, 1.0, 1.0, 1.0, 1.0, 1.0, 1.0, 1.0, 1.0, 1.0, 1.0, 1.0, 1.0, 1.0]
viper std tp,fp,tn,fn:     [0.03, 0.03, 0.04, 0.05, 0.05, 0.06, 0.06, 0.07, 0.07, 0.07, 0.07, 0.07, 0.08, 0.07, 0.07, 0.08, 0.08, 0.08, 0.08, 0.08, 0.08, 0.08, 0.08, 0.08, 0.08, 0.07, 0.07, 0.07, 0.07, 0.07, 0.07, 0.07, 0.06, 0.06, 0.06, 0.06, 0.06, 0.06, 0.05, 0.05, 0.05, 0.05, 0.05, 0.05, 0.05, 0.05, 0.05, 0.04, 0.04, 0.04, 0.04, 0.04, 0.04, 0.04, 0.03, 0.03, 0.03, 0.03, 0.03, 0.03, 0.03, 0.03, 0.03, 0.03, 0.03, 0.03, 0.03, 0.02, 0.02, 0.02, 0.02, 0.02, 0.02, 0.02, 0.02, 0.02, 0.01, 0.01, 0.01, 0.01, 0.01, 0.01, 0.01, 0.01, 0.01, 0.01, 0.01, 0.01, 0.01, 0.01, 0.0, 0.0, 0.0, 0.0, 0.0, 0.0, 0.0, 0.0, 0.0, 0.0]
viper detection rate (TP/(TP+FN)):      0.257931034483
viper false alarm (FP/(FP+TN)):        0.428571428571
viper mean ranking:        [25.6, 501.05, 9398.95, 74.4]
viper std ranking:         [7.67, 182.3, 182.3, 7.67]


name_of_experiment:         experiment 8_1: train only then save on each dataset [prid450, grid]. load, retrain and test=viper
file_name:                  experiments_thesis.py
date:                       08/08/2017   07:59:16
duration:                   2736.523807
viper mean tp,fp,tn,fn:    [0.1, 0.17, 0.23, 0.28, 0.32, 0.35, 0.4, 0.43, 0.46, 0.48, 0.51, 0.53, 0.55, 0.57, 0.59, 0.61, 0.62, 0.63, 0.64, 0.66, 0.67, 0.68, 0.7, 0.71, 0.72, 0.73, 0.74, 0.75, 0.76, 0.77, 0.78, 0.79, 0.8, 0.81, 0.81, 0.82, 0.83, 0.83, 0.84, 0.84, 0.85, 0.85, 0.86, 0.86, 0.87, 0.87, 0.87, 0.88, 0.88, 0.89, 0.89, 0.9, 0.9, 0.91, 0.91, 0.91, 0.92, 0.92, 0.93, 0.93, 0.93, 0.93, 0.94, 0.94, 0.94, 0.94, 0.94, 0.95, 0.95, 0.95, 0.95, 0.96, 0.96, 0.96, 0.97, 0.97, 0.97, 0.97, 0.97, 0.98, 0.98, 0.98, 0.98, 0.98, 0.98, 0.98, 0.98, 0.99, 0.99, 0.99, 0.99, 0.99, 0.99, 0.99, 1.0, 1.0, 1.0, 1.0, 1.0, 1.0]
viper std tp,fp,tn,fn:     [0.05, 0.07, 0.09, 0.1, 0.11, 0.11, 0.13, 0.13, 0.13, 0.13, 0.13, 0.13, 0.14, 0.14, 0.14, 0.15, 0.15, 0.15, 0.15, 0.15, 0.15, 0.15, 0.15, 0.15, 0.16, 0.15, 0.15, 0.15, 0.15, 0.15, 0.14, 0.14, 0.14, 0.14, 0.14, 0.14, 0.14, 0.14, 0.13, 0.13, 0.12, 0.13, 0.12, 0.12, 0.12, 0.12, 0.12, 0.12, 0.12, 0.12, 0.12, 0.12, 0.11, 0.1, 0.1, 0.1, 0.1, 0.1, 0.1, 0.1, 0.1, 0.1, 0.1, 0.1, 0.09, 0.09, 0.09, 0.09, 0.08, 0.08, 0.08, 0.07, 0.07, 0.06, 0.06, 0.05, 0.05, 0.05, 0.05, 0.04, 0.04, 0.04, 0.04, 0.03, 0.03, 0.03, 0.03, 0.03, 0.03, 0.02, 0.02, 0.02, 0.02, 0.02, 0.01, 0.01, 0.01, 0.01, 0.0, 0.0]
viper detection rate (TP/(TP+FN)):      0.261620185923
viper false alarm (FP/(FP+TN)):        0.42202970297
viper mean ranking:        [25.9, 475.35, 9424.65, 74.1]
viper std ranking:         [13.87, 306.65, 306.65, 13.87]


name_of_experiment:         experiment 8_2: train only then save on each dataset [grid, viper]. load, retrain and test=prid450
file_name:                  experiments_thesis.py
date:                       08/08/2017   09:41:40
duration:                   1814.107907
prid450 mean tp,fp,tn,fn:    [0.14, 0.22, 0.29, 0.34, 0.39, 0.42, 0.46, 0.49, 0.52, 0.54, 0.56, 0.57, 0.6, 0.61, 0.63, 0.65, 0.67, 0.68, 0.69, 0.71, 0.72, 0.73, 0.74, 0.76, 0.77, 0.78, 0.79, 0.8, 0.81, 0.81, 0.82, 0.82, 0.83, 0.84, 0.85, 0.85, 0.86, 0.86, 0.87, 0.88, 0.88, 0.89, 0.89, 0.9, 0.91, 0.91, 0.92, 0.92, 0.93, 0.93, 0.93, 0.94, 0.94, 0.94, 0.94, 0.95, 0.95, 0.96, 0.96, 0.96, 0.96, 0.96, 0.97, 0.97, 0.97, 0.97, 0.98, 0.98, 0.98, 0.98, 0.98, 0.98, 0.98, 0.98, 0.98, 0.99, 0.99, 0.99, 0.99, 0.99, 0.99, 0.99, 0.99, 0.99, 0.99, 1.0, 1.0, 1.0, 1.0, 1.0, 1.0, 1.0, 1.0, 1.0, 1.0, 1.0, 1.0, 1.0, 1.0, 1.0]
prid450 std tp,fp,tn,fn:     [0.05, 0.06, 0.06, 0.06, 0.07, 0.07, 0.07, 0.07, 0.07, 0.07, 0.07, 0.07, 0.06, 0.06, 0.06, 0.06, 0.06, 0.06, 0.06, 0.06, 0.05, 0.05, 0.05, 0.05, 0.05, 0.05, 0.05, 0.05, 0.05, 0.05, 0.05, 0.04, 0.04, 0.04, 0.04, 0.04, 0.04, 0.04, 0.04, 0.04, 0.04, 0.04, 0.04, 0.04, 0.04, 0.04, 0.04, 0.03, 0.03, 0.03, 0.03, 0.02, 0.02, 0.02, 0.02, 0.02, 0.02, 0.02, 0.02, 0.02, 0.02, 0.02, 0.02, 0.02, 0.02, 0.02, 0.02, 0.01, 0.01, 0.01, 0.01, 0.01, 0.01, 0.01, 0.01, 0.01, 0.01, 0.01, 0.01, 0.01, 0.01, 0.01, 0.01, 0.01, 0.01, 0.01, 0.01, 0.01, 0.01, 0.01, 0.0, 0.0, 0.0, 0.0, 0.0, 0.0, 0.0, 0.0, 0.0, 0.0]
prid450 detection rate (TP/(TP+FN)):      0.295336787565
prid450 false alarm (FP/(FP+TN)):        0.433628318584
prid450 mean ranking:        [26.3, 428.0, 9472.0, 73.7]
prid450 std ranking:         [13.2, 310.83, 310.83, 13.2]


ex_8_3  done
ex_8_4  done
ex_8_5  done

name_of_experiment:         experiment 8_3: train only then save on each dataset [viper, grid]. load, retrain and test=prid450
file_name:                  experiments_thesis.py
date:                       08/08/2017   06:49:30
duration:                   1873.148221
prid450 mean tp,fp,tn,fn:    [0.16, 0.24, 0.32, 0.37, 0.41, 0.45, 0.48, 0.5, 0.54, 0.57, 0.59, 0.61, 0.62, 0.64, 0.66, 0.67, 0.69, 0.7, 0.72, 0.73, 0.74, 0.76, 0.76, 0.77, 0.78, 0.79, 0.8, 0.81, 0.82, 0.82, 0.83, 0.84, 0.85, 0.85, 0.86, 0.86, 0.87, 0.88, 0.88, 0.88, 0.89, 0.89, 0.9, 0.91, 0.91, 0.91, 0.92, 0.93, 0.93, 0.94, 0.94, 0.94, 0.95, 0.95, 0.95, 0.95, 0.96, 0.96, 0.96, 0.96, 0.97, 0.97, 0.97, 0.97, 0.97, 0.97, 0.98, 0.98, 0.98, 0.98, 0.98, 0.98, 0.99, 0.99, 0.99, 0.99, 0.99, 0.99, 0.99, 0.99, 0.99, 0.99, 1.0, 1.0, 1.0, 1.0, 1.0, 1.0, 1.0, 1.0, 1.0, 1.0, 1.0, 1.0, 1.0, 1.0, 1.0, 1.0, 1.0, 1.0]
prid450 std tp,fp,tn,fn:     [0.05, 0.06, 0.06, 0.06, 0.05, 0.06, 0.06, 0.06, 0.06, 0.05, 0.05, 0.05, 0.05, 0.05, 0.05, 0.06, 0.05, 0.05, 0.05, 0.05, 0.05, 0.05, 0.05, 0.05, 0.05, 0.05, 0.05, 0.05, 0.05, 0.05, 0.05, 0.05, 0.04, 0.04, 0.04, 0.04, 0.04, 0.04, 0.04, 0.04, 0.04, 0.03, 0.03, 0.03, 0.03, 0.03, 0.03, 0.03, 0.03, 0.03, 0.02, 0.02, 0.02, 0.02, 0.02, 0.02, 0.02, 0.02, 0.02, 0.01, 0.01, 0.01, 0.01, 0.02, 0.02, 0.02, 0.02, 0.02, 0.02, 0.01, 0.01, 0.01, 0.01, 0.01, 0.01, 0.01, 0.01, 0.01, 0.01, 0.01, 0.01, 0.01, 0.01, 0.01, 0.0, 0.0, 0.0, 0.0, 0.0, 0.0, 0.0, 0.0, 0.0, 0.0, 0.0, 0.0, 0.0, 0.0, 0.0, 0.0]
prid450 detection rate (TP/(TP+FN)):      0.302943969611
prid450 false alarm (FP/(FP+TN)):        0.435555555556
prid450 mean ranking:        [25.1, 345.4, 9554.6, 74.9]
prid450 std ranking:         [10.39, 178.29, 178.29, 10.39]


name_of_experiment:         experiment 8_4: train only then save on each dataset [viper, prid450]. load, retrain and test=grid
file_name:                  experiments_thesis.py
date:                       08/08/2017   08:36:30
duration:                   924.464242
grid mean tp,fp,tn,fn:    [0.15, 0.24, 0.3, 0.36, 0.41, 0.46, 0.49, 0.53, 0.55, 0.58, 0.61, 0.63, 0.65, 0.67, 0.69, 0.71, 0.73, 0.74, 0.75, 0.77, 0.78, 0.79, 0.8, 0.81, 0.82, 0.83, 0.84, 0.85, 0.85, 0.86, 0.87, 0.88, 0.88, 0.89, 0.89, 0.9, 0.91, 0.91, 0.92, 0.92, 0.92, 0.93, 0.93, 0.93, 0.94, 0.94, 0.94, 0.94, 0.95, 0.95, 0.95, 0.96, 0.96, 0.96, 0.96, 0.97, 0.97, 0.97, 0.97, 0.97, 0.97, 0.97, 0.97, 0.98, 0.98, 0.98, 0.98, 0.98, 0.98, 0.98, 0.98, 0.98, 0.98, 0.98, 0.99, 0.99, 0.99, 0.99, 0.99, 0.99, 0.99, 0.99, 0.99, 0.99, 0.99, 1.0, 1.0, 1.0, 1.0, 1.0, 1.0, 1.0, 1.0, 1.0, 1.0, 1.0, 1.0, 1.0, 1.0, 1.0]
grid std tp,fp,tn,fn:     [0.03, 0.05, 0.05, 0.05, 0.05, 0.05, 0.06, 0.06, 0.06, 0.06, 0.06, 0.06, 0.06, 0.06, 0.06, 0.06, 0.06, 0.06, 0.06, 0.05, 0.05, 0.05, 0.04, 0.04, 0.04, 0.04, 0.04, 0.04, 0.04, 0.04, 0.04, 0.04, 0.04, 0.04, 0.03, 0.03, 0.03, 0.03, 0.03, 0.03, 0.03, 0.03, 0.02, 0.02, 0.02, 0.02, 0.02, 0.02, 0.02, 0.02, 0.02, 0.02, 0.02, 0.02, 0.02, 0.01, 0.01, 0.01, 0.01, 0.01, 0.01, 0.01, 0.01, 0.01, 0.01, 0.01, 0.01, 0.01, 0.01, 0.01, 0.01, 0.01, 0.01, 0.01, 0.01, 0.01, 0.01, 0.01, 0.01, 0.01, 0.01, 0.01, 0.01, 0.01, 0.01, 0.01, 0.01, 0.01, 0.01, 0.0, 0.0, 0.0, 0.0, 0.0, 0.0, 0.0, 0.0, 0.0, 0.0, 0.0]
grid detection rate (TP/(TP+FN)):      0.293188548865
grid false alarm (FP/(FP+TN)):        0.440366972477
grid mean ranking:        [22.95, 280.25, 9619.75, 77.05]
grid std ranking:         [12.7, 254.63, 254.63, 12.7]


name_of_experiment:         experiment 8_5: train only then save on each dataset [prid450, viper]. load, retrain and test=grid
file_name:                  experiments_thesis.py
date:                       08/08/2017   10:23:14
duration:                   927.421530
grid mean tp,fp,tn,fn:    [0.15, 0.25, 0.32, 0.39, 0.43, 0.47, 0.51, 0.54, 0.57, 0.59, 0.61, 0.64, 0.67, 0.69, 0.71, 0.73, 0.74, 0.75, 0.76, 0.77, 0.78, 0.79, 0.8, 0.81, 0.82, 0.83, 0.84, 0.85, 0.86, 0.86, 0.86, 0.87, 0.88, 0.88, 0.89, 0.9, 0.9, 0.9, 0.91, 0.91, 0.91, 0.92, 0.92, 0.93, 0.93, 0.93, 0.94, 0.94, 0.94, 0.94, 0.95, 0.95, 0.95, 0.95, 0.95, 0.95, 0.96, 0.96, 0.96, 0.96, 0.97, 0.97, 0.97, 0.97, 0.98, 0.98, 0.98, 0.98, 0.98, 0.98, 0.98, 0.98, 0.98, 0.98, 0.99, 0.99, 0.99, 0.99, 0.99, 0.99, 0.99, 0.99, 0.99, 0.99, 0.99, 0.99, 0.99, 0.99, 0.99, 0.99, 0.99, 0.99, 0.99, 1.0, 1.0, 1.0, 1.0, 1.0, 1.0, 1.0]
grid std tp,fp,tn,fn:     [0.05, 0.06, 0.08, 0.09, 0.09, 0.09, 0.09, 0.09, 0.09, 0.09, 0.08, 0.07, 0.07, 0.06, 0.07, 0.07, 0.06, 0.07, 0.07, 0.06, 0.06, 0.05, 0.05, 0.05, 0.05, 0.05, 0.05, 0.05, 0.05, 0.05, 0.05, 0.05, 0.04, 0.04, 0.04, 0.03, 0.03, 0.03, 0.03, 0.03, 0.03, 0.03, 0.03, 0.02, 0.02, 0.02, 0.02, 0.02, 0.02, 0.02, 0.02, 0.02, 0.02, 0.02, 0.02, 0.02, 0.02, 0.02, 0.02, 0.02, 0.02, 0.02, 0.01, 0.01, 0.01, 0.01, 0.01, 0.01, 0.01, 0.01, 0.01, 0.01, 0.01, 0.01, 0.01, 0.01, 0.01, 0.01, 0.01, 0.01, 0.01, 0.01, 0.01, 0.01, 0.01, 0.01, 0.01, 0.01, 0.01, 0.01, 0.01, 0.01, 0.01, 0.01, 0.01, 0.01, 0.0, 0.0, 0.0, 0.0]
grid detection rate (TP/(TP+FN)):      0.283194057567
grid false alarm (FP/(FP+TN)):        0.431578947368
grid mean ranking:        [17.0, 175.35, 9724.65, 83.0]
grid std ranking:         [9.3, 200.24, 200.24, 9.3]
