name_of_experiment:         experiment 9_0: train only then save on each dataset [grid, prid450]. load, retrain and test=viper
file_name:                  experiments_thesis.py
date:                       14/08/2017   11:43:13
duration:                   2806.221953
viper mean tp,fp,tn,fn:    [0.09, 0.15, 0.21, 0.26, 0.3, 0.33, 0.36, 0.39, 0.42, 0.45, 0.48, 0.5, 0.51, 0.53, 0.55, 0.57, 0.58, 0.6, 0.61, 0.63, 0.65, 0.66, 0.68, 0.69, 0.7, 0.71, 0.72, 0.73, 0.74, 0.75, 0.76, 0.77, 0.78, 0.79, 0.8, 0.8, 0.81, 0.82, 0.83, 0.83, 0.84, 0.84, 0.85, 0.86, 0.86, 0.87, 0.87, 0.88, 0.88, 0.89, 0.89, 0.9, 0.9, 0.91, 0.91, 0.92, 0.92, 0.93, 0.93, 0.93, 0.93, 0.94, 0.94, 0.94, 0.94, 0.95, 0.95, 0.95, 0.96, 0.96, 0.96, 0.96, 0.96, 0.97, 0.97, 0.97, 0.97, 0.98, 0.98, 0.98, 0.98, 0.98, 0.98, 0.99, 0.99, 0.99, 0.99, 0.99, 0.99, 0.99, 0.99, 1.0, 1.0, 1.0, 1.0, 1.0, 1.0, 1.0, 1.0, 1.0]
viper std tp,fp,tn,fn:     [0.04, 0.06, 0.07, 0.08, 0.09, 0.1, 0.1, 0.11, 0.12, 0.12, 0.12, 0.12, 0.11, 0.12, 0.12, 0.12, 0.12, 0.12, 0.12, 0.11, 0.11, 0.11, 0.11, 0.11, 0.11, 0.11, 0.12, 0.11, 0.11, 0.12, 0.11, 0.11, 0.11, 0.11, 0.11, 0.11, 0.1, 0.1, 0.1, 0.1, 0.1, 0.09, 0.09, 0.09, 0.09, 0.09, 0.09, 0.09, 0.09, 0.08, 0.08, 0.08, 0.08, 0.08, 0.08, 0.08, 0.08, 0.08, 0.08, 0.07, 0.07, 0.07, 0.07, 0.06, 0.06, 0.06, 0.06, 0.06, 0.05, 0.05, 0.05, 0.05, 0.05, 0.05, 0.04, 0.04, 0.04, 0.04, 0.03, 0.03, 0.02, 0.02, 0.02, 0.02, 0.02, 0.01, 0.01, 0.01, 0.01, 0.01, 0.01, 0.01, 0.01, 0.0, 0.0, 0.0, 0.0, 0.0, 0.0, 0.0]
viper detection rate (TP/(TP+FN)):      0.258670520231
viper false alarm (FP/(FP+TN)):        0.419127988748
viper mean ranking:        [21.75, 499.1, 9400.9, 78.25]
viper std ranking:         [9.68, 225.24, 225.24, 9.68]


name_of_experiment:         experiment 9_1: train only then save on each dataset [prid450, grid]. load, retrain and test=viper
file_name:                  experiments_thesis.py
date:                       14/08/2017   13:27:00
duration:                   2773.731282
viper mean tp,fp,tn,fn:    [0.1, 0.17, 0.22, 0.28, 0.32, 0.35, 0.39, 0.43, 0.45, 0.48, 0.5, 0.53, 0.55, 0.57, 0.59, 0.6, 0.63, 0.64, 0.66, 0.67, 0.68, 0.69, 0.71, 0.72, 0.73, 0.74, 0.76, 0.77, 0.78, 0.79, 0.8, 0.81, 0.82, 0.82, 0.83, 0.84, 0.85, 0.85, 0.86, 0.86, 0.87, 0.88, 0.88, 0.89, 0.89, 0.9, 0.9, 0.91, 0.91, 0.92, 0.92, 0.93, 0.93, 0.93, 0.94, 0.94, 0.94, 0.95, 0.95, 0.95, 0.95, 0.96, 0.96, 0.96, 0.96, 0.97, 0.97, 0.97, 0.97, 0.97, 0.98, 0.98, 0.98, 0.98, 0.98, 0.99, 0.99, 0.99, 0.99, 0.99, 0.99, 0.99, 0.99, 0.99, 0.99, 0.99, 1.0, 1.0, 1.0, 1.0, 1.0, 1.0, 1.0, 1.0, 1.0, 1.0, 1.0, 1.0, 1.0, 1.0]
viper std tp,fp,tn,fn:     [0.03, 0.04, 0.05, 0.05, 0.06, 0.05, 0.06, 0.06, 0.07, 0.07, 0.06, 0.07, 0.06, 0.07, 0.07, 0.07, 0.07, 0.07, 0.07, 0.07, 0.07, 0.07, 0.07, 0.07, 0.07, 0.07, 0.07, 0.07, 0.07, 0.06, 0.06, 0.06, 0.06, 0.06, 0.06, 0.06, 0.06, 0.06, 0.06, 0.06, 0.06, 0.05, 0.05, 0.05, 0.04, 0.04, 0.04, 0.04, 0.04, 0.03, 0.03, 0.03, 0.04, 0.03, 0.03, 0.03, 0.03, 0.03, 0.03, 0.03, 0.03, 0.03, 0.02, 0.02, 0.02, 0.02, 0.02, 0.02, 0.02, 0.02, 0.02, 0.02, 0.02, 0.02, 0.01, 0.01, 0.01, 0.01, 0.01, 0.01, 0.01, 0.01, 0.01, 0.01, 0.01, 0.01, 0.01, 0.01, 0.01, 0.01, 0.01, 0.01, 0.0, 0.0, 0.0, 0.0, 0.0, 0.0, 0.0, 0.0]
viper detection rate (TP/(TP+FN)):      0.269736842105
viper false alarm (FP/(FP+TN)):        0.440100882724
viper mean ranking:        [27.7, 561.3, 9338.7, 72.3]
viper std ranking:         [7.64, 235.7, 235.7, 7.64]


name_of_experiment:         experiment 9_2: train only then save on each dataset [grid, viper]. load, retrain and test=prid450
file_name:                  experiments_thesis.py
date:                       14/08/2017   15:11:36
duration:                   1835.195212
prid450 mean tp,fp,tn,fn:    [0.14, 0.21, 0.28, 0.33, 0.38, 0.42, 0.45, 0.48, 0.5, 0.53, 0.55, 0.57, 0.59, 0.6, 0.63, 0.64, 0.66, 0.67, 0.69, 0.7, 0.72, 0.73, 0.74, 0.75, 0.76, 0.77, 0.78, 0.79, 0.8, 0.8, 0.81, 0.82, 0.82, 0.83, 0.84, 0.85, 0.85, 0.86, 0.87, 0.88, 0.89, 0.89, 0.9, 0.9, 0.91, 0.91, 0.92, 0.92, 0.93, 0.93, 0.94, 0.94, 0.94, 0.95, 0.95, 0.95, 0.96, 0.96, 0.96, 0.96, 0.96, 0.97, 0.97, 0.97, 0.97, 0.97, 0.98, 0.98, 0.98, 0.98, 0.98, 0.99, 0.99, 0.99, 0.99, 0.99, 0.99, 0.99, 0.99, 0.99, 0.99, 1.0, 1.0, 1.0, 1.0, 1.0, 1.0, 1.0, 1.0, 1.0, 1.0, 1.0, 1.0, 1.0, 1.0, 1.0, 1.0, 1.0, 1.0, 1.0]
prid450 std tp,fp,tn,fn:     [0.05, 0.05, 0.06, 0.06, 0.06, 0.06, 0.06, 0.06, 0.06, 0.07, 0.06, 0.07, 0.06, 0.07, 0.07, 0.07, 0.07, 0.06, 0.06, 0.06, 0.06, 0.06, 0.06, 0.05, 0.05, 0.05, 0.05, 0.05, 0.05, 0.05, 0.05, 0.04, 0.04, 0.04, 0.05, 0.04, 0.04, 0.04, 0.04, 0.04, 0.04, 0.04, 0.04, 0.04, 0.04, 0.04, 0.04, 0.04, 0.04, 0.03, 0.03, 0.03, 0.03, 0.03, 0.03, 0.03, 0.03, 0.03, 0.02, 0.02, 0.02, 0.02, 0.02, 0.02, 0.02, 0.02, 0.02, 0.02, 0.02, 0.01, 0.01, 0.01, 0.01, 0.01, 0.01, 0.01, 0.01, 0.01, 0.01, 0.01, 0.01, 0.01, 0.01, 0.0, 0.0, 0.0, 0.0, 0.0, 0.0, 0.0, 0.0, 0.0, 0.0, 0.0, 0.0, 0.0, 0.0, 0.0, 0.0, 0.0]
prid450 detection rate (TP/(TP+FN)):      0.292682926829
prid450 false alarm (FP/(FP+TN)):        0.432926829268
prid450 mean ranking:        [21.2, 320.7, 9579.3, 78.8]
prid450 std ranking:         [9.35, 172.2, 172.2, 9.35]


name_of_experiment:         experiment 9_3: train only then save on each dataset [viper, grid]. load, retrain and test=prid450
file_name:                  experiments_thesis.py
date:                       14/08/2017   16:13:50
duration:                   1739.835318
prid450 mean tp,fp,tn,fn:    [0.14, 0.24, 0.3, 0.35, 0.4, 0.43, 0.46, 0.5, 0.53, 0.55, 0.58, 0.61, 0.63, 0.64, 0.66, 0.68, 0.69, 0.71, 0.73, 0.74, 0.75, 0.76, 0.77, 0.78, 0.79, 0.8, 0.8, 0.81, 0.82, 0.83, 0.84, 0.85, 0.85, 0.86, 0.87, 0.88, 0.89, 0.89, 0.89, 0.9, 0.9, 0.9, 0.91, 0.91, 0.92, 0.92, 0.92, 0.93, 0.93, 0.93, 0.94, 0.94, 0.94, 0.95, 0.95, 0.95, 0.96, 0.96, 0.96, 0.96, 0.97, 0.97, 0.97, 0.97, 0.97, 0.98, 0.98, 0.98, 0.98, 0.98, 0.99, 0.99, 0.99, 0.99, 0.99, 0.99, 1.0, 1.0, 1.0, 1.0, 1.0, 1.0, 1.0, 1.0, 1.0, 1.0, 1.0, 1.0, 1.0, 1.0, 1.0, 1.0, 1.0, 1.0, 1.0, 1.0, 1.0, 1.0, 1.0, 1.0]
prid450 std tp,fp,tn,fn:     [0.04, 0.05, 0.06, 0.06, 0.06, 0.06, 0.06, 0.06, 0.07, 0.07, 0.06, 0.06, 0.07, 0.07, 0.06, 0.07, 0.06, 0.06, 0.06, 0.06, 0.06, 0.06, 0.06, 0.06, 0.05, 0.05, 0.06, 0.05, 0.05, 0.05, 0.05, 0.05, 0.05, 0.04, 0.04, 0.04, 0.04, 0.04, 0.04, 0.03, 0.03, 0.03, 0.03, 0.03, 0.03, 0.03, 0.03, 0.03, 0.03, 0.03, 0.03, 0.02, 0.03, 0.03, 0.02, 0.02, 0.02, 0.02, 0.02, 0.02, 0.02, 0.02, 0.02, 0.02, 0.01, 0.01, 0.01, 0.01, 0.01, 0.01, 0.01, 0.01, 0.01, 0.01, 0.01, 0.01, 0.01, 0.01, 0.01, 0.01, 0.01, 0.01, 0.01, 0.01, 0.0, 0.0, 0.0, 0.0, 0.0, 0.0, 0.0, 0.0, 0.0, 0.0, 0.0, 0.0, 0.0, 0.0, 0.0, 0.0]
prid450 detection rate (TP/(TP+FN)):      0.285714285714
prid450 false alarm (FP/(FP+TN)):        0.442883895131
prid450 mean ranking:        [22.85, 347.15, 9552.85, 77.15]
prid450 std ranking:         [8.98, 227.42, 227.42, 8.98]


name_of_experiment:         experiment 9_4: train only then save on each dataset [viper, prid450]. load, retrain and test=grid
file_name:                  experiments_thesis.py
date:                       14/08/2017   16:12:40
duration:                   852.024907
grid mean tp,fp,tn,fn:    [0.13, 0.22, 0.29, 0.35, 0.39, 0.43, 0.47, 0.5, 0.53, 0.56, 0.59, 0.62, 0.65, 0.67, 0.69, 0.71, 0.73, 0.74, 0.75, 0.76, 0.78, 0.79, 0.8, 0.81, 0.82, 0.82, 0.83, 0.84, 0.85, 0.86, 0.87, 0.88, 0.88, 0.89, 0.89, 0.9, 0.9, 0.91, 0.91, 0.91, 0.92, 0.92, 0.93, 0.93, 0.93, 0.94, 0.94, 0.95, 0.95, 0.95, 0.96, 0.96, 0.96, 0.96, 0.96, 0.97, 0.97, 0.97, 0.97, 0.97, 0.97, 0.98, 0.98, 0.98, 0.98, 0.98, 0.98, 0.98, 0.98, 0.99, 0.99, 0.99, 0.99, 0.99, 0.99, 0.99, 0.99, 0.99, 0.99, 0.99, 1.0, 1.0, 1.0, 1.0, 1.0, 1.0, 1.0, 1.0, 1.0, 1.0, 1.0, 1.0, 1.0, 1.0, 1.0, 1.0, 1.0, 1.0, 1.0, 1.0]
grid std tp,fp,tn,fn:     [0.04, 0.05, 0.05, 0.05, 0.06, 0.07, 0.07, 0.06, 0.06, 0.07, 0.06, 0.07, 0.07, 0.07, 0.07, 0.07, 0.07, 0.06, 0.06, 0.06, 0.06, 0.05, 0.05, 0.05, 0.05, 0.05, 0.05, 0.04, 0.04, 0.04, 0.04, 0.04, 0.04, 0.04, 0.04, 0.04, 0.03, 0.03, 0.03, 0.03, 0.03, 0.03, 0.03, 0.03, 0.02, 0.02, 0.02, 0.02, 0.02, 0.02, 0.02, 0.02, 0.02, 0.02, 0.02, 0.02, 0.02, 0.02, 0.02, 0.02, 0.02, 0.01, 0.01, 0.01, 0.01, 0.01, 0.01, 0.01, 0.01, 0.01, 0.01, 0.01, 0.01, 0.01, 0.01, 0.01, 0.01, 0.01, 0.01, 0.01, 0.01, 0.01, 0.0, 0.0, 0.0, 0.0, 0.0, 0.0, 0.0, 0.0, 0.0, 0.0, 0.0, 0.0, 0.0, 0.0, 0.0, 0.0, 0.0, 0.0]
grid detection rate (TP/(TP+FN)):      0.269271383316
grid false alarm (FP/(FP+TN)):        0.432245301682
grid mean ranking:        [18.45, 245.4, 9654.6, 81.55]
grid std ranking:         [9.93, 192.31, 192.31, 9.93]


name_of_experiment:         experiment 9_5: train only then save on each dataset [prid450, viper]. load, retrain and test=grid
file_name:                  experiments_thesis.py
date:                       14/08/2017   16:46:58
duration:                   934.928931
grid mean tp,fp,tn,fn:    [0.14, 0.22, 0.29, 0.34, 0.4, 0.44, 0.48, 0.52, 0.55, 0.58, 0.62, 0.64, 0.66, 0.68, 0.7, 0.73, 0.75, 0.76, 0.78, 0.79, 0.8, 0.81, 0.82, 0.83, 0.84, 0.85, 0.86, 0.87, 0.88, 0.89, 0.9, 0.9, 0.91, 0.91, 0.92, 0.92, 0.93, 0.93, 0.94, 0.94, 0.94, 0.95, 0.95, 0.95, 0.95, 0.96, 0.96, 0.96, 0.96, 0.97, 0.97, 0.97, 0.97, 0.97, 0.97, 0.98, 0.98, 0.98, 0.98, 0.98, 0.98, 0.98, 0.98, 0.98, 0.98, 0.98, 0.99, 0.99, 0.99, 0.99, 0.99, 0.99, 0.99, 0.99, 0.99, 0.99, 0.99, 0.99, 0.99, 0.99, 1.0, 1.0, 1.0, 1.0, 1.0, 1.0, 1.0, 1.0, 1.0, 1.0, 1.0, 1.0, 1.0, 1.0, 1.0, 1.0, 1.0, 1.0, 1.0, 1.0]
grid std tp,fp,tn,fn:     [0.03, 0.05, 0.06, 0.06, 0.07, 0.06, 0.07, 0.07, 0.07, 0.07, 0.07, 0.07, 0.06, 0.07, 0.07, 0.06, 0.06, 0.06, 0.06, 0.05, 0.05, 0.04, 0.04, 0.04, 0.04, 0.04, 0.04, 0.03, 0.03, 0.03, 0.03, 0.03, 0.03, 0.03, 0.02, 0.02, 0.02, 0.02, 0.02, 0.02, 0.02, 0.02, 0.02, 0.02, 0.02, 0.02, 0.02, 0.02, 0.01, 0.01, 0.01, 0.01, 0.01, 0.01, 0.01, 0.01, 0.01, 0.01, 0.01, 0.01, 0.01, 0.01, 0.01, 0.01, 0.01, 0.01, 0.01, 0.01, 0.01, 0.01, 0.01, 0.01, 0.01, 0.01, 0.01, 0.01, 0.01, 0.01, 0.01, 0.01, 0.01, 0.01, 0.0, 0.0, 0.0, 0.0, 0.0, 0.0, 0.0, 0.0, 0.0, 0.0, 0.0, 0.0, 0.0, 0.0, 0.0, 0.0, 0.0, 0.0]
grid detection rate (TP/(TP+FN)):      0.284079084287
grid false alarm (FP/(FP+TN)):        0.436826640548
grid mean ranking:        [18.9, 231.65, 9668.35, 81.1]
grid std ranking:         [8.59, 167.81, 167.81, 8.59]