
name_of_experiment:         experiment 0_7_0: viper, BASELINE
file_name:                  siamese_cnn_image.pyc
date:                       04/08/2017   00:12:52
duration:                   9048.477232
viper mean tp,fp,tn,fn:    [23.8, 399.57, 9500.43, 76.2]
viper std tp,fp,tn,fn:     [10.28, 228.77, 228.77, 10.28]
viper detection rate (TP/(TP+FN)):      0.238
viper false alarm (FP/(FP+TN)):        0.0403602693603
viper mean ranking:        [0.1, 0.18, 0.24, 0.29, 0.33, 0.37, 0.4, 0.44, 0.47, 0.49, 0.51, 0.54, 0.56, 0.58, 0.6, 0.62, 0.64, 0.65, 0.67, 0.68, 0.7, 0.71, 0.72, 0.73, 0.74, 0.75, 0.76, 0.77, 0.78, 0.79, 0.8, 0.81, 0.81, 0.82, 0.83, 0.83, 0.84, 0.85, 0.85, 0.86, 0.87, 0.87, 0.88, 0.88, 0.89, 0.89, 0.9, 0.9, 0.91, 0.91, 0.91, 0.92, 0.92, 0.93, 0.93, 0.93, 0.94, 0.94, 0.94, 0.95, 0.95, 0.95, 0.96, 0.96, 0.96, 0.96, 0.97, 0.97, 0.97, 0.97, 0.97, 0.97, 0.98, 0.98, 0.98, 0.98, 0.98, 0.98, 0.99, 0.99, 0.99, 0.99, 0.99, 0.99, 0.99, 0.99, 0.99, 0.99, 0.99, 1.0, 1.0, 1.0, 1.0, 1.0, 1.0, 1.0, 1.0, 1.0, 1.0, 1.0]
viper std ranking:         [0.02, 0.04, 0.05, 0.06, 0.06, 0.07, 0.07, 0.08, 0.09, 0.09, 0.09, 0.09, 0.09, 0.08, 0.08, 0.08, 0.08, 0.08, 0.08, 0.08, 0.08, 0.08, 0.08, 0.07, 0.07, 0.07, 0.07, 0.07, 0.07, 0.08, 0.07, 0.07, 0.07, 0.07, 0.07, 0.07, 0.07, 0.07, 0.06, 0.06, 0.06, 0.06, 0.06, 0.05, 0.05, 0.05, 0.05, 0.05, 0.05, 0.05, 0.05, 0.05, 0.05, 0.05, 0.05, 0.04, 0.04, 0.04, 0.04, 0.04, 0.04, 0.04, 0.03, 0.03, 0.03, 0.03, 0.03, 0.03, 0.03, 0.03, 0.02, 0.02, 0.02, 0.02, 0.02, 0.02, 0.02, 0.02, 0.01, 0.01, 0.01, 0.01, 0.01, 0.01, 0.01, 0.01, 0.01, 0.01, 0.01, 0.01, 0.01, 0.01, 0.01, 0.01, 0.0, 0.0, 0.0, 0.0, 0.0, 0.0]
viper G mean tp,fp,tn,fn:    [23.8, 35.73, 864.27, 76.2]
viper G std tp,fp,tn,fn:     [10.28, 20.96, 20.96, 10.28]


name_of_experiment:         experiment 0_7_1: grid, BASELINE
file_name:                  siamese_cnn_image.pyc
date:                       04/08/2017   01:03:38
duration:                   3038.522298
grid mean tp,fp,tn,fn:    [9.73, 110.9, 9789.1, 90.27]
grid std tp,fp,tn,fn:     [5.02, 63.12, 63.12, 5.02]
grid detection rate (TP/(TP+FN)):      0.0973333333333
grid false alarm (FP/(FP+TN)):        0.011202020202
grid mean ranking:        [0.11, 0.19, 0.25, 0.31, 0.35, 0.39, 0.43, 0.46, 0.5, 0.53, 0.56, 0.58, 0.61, 0.63, 0.64, 0.66, 0.68, 0.7, 0.71, 0.73, 0.74, 0.75, 0.76, 0.78, 0.78, 0.79, 0.8, 0.81, 0.82, 0.83, 0.84, 0.85, 0.85, 0.86, 0.87, 0.87, 0.88, 0.89, 0.89, 0.9, 0.9, 0.91, 0.92, 0.92, 0.93, 0.93, 0.93, 0.93, 0.94, 0.94, 0.94, 0.94, 0.95, 0.95, 0.95, 0.95, 0.96, 0.96, 0.96, 0.96, 0.96, 0.97, 0.97, 0.97, 0.97, 0.97, 0.98, 0.98, 0.98, 0.98, 0.98, 0.98, 0.98, 0.98, 0.99, 0.99, 0.99, 0.99, 0.99, 0.99, 0.99, 0.99, 0.99, 0.99, 0.99, 0.99, 1.0, 1.0, 1.0, 1.0, 1.0, 1.0, 1.0, 1.0, 1.0, 1.0, 1.0, 1.0, 1.0, 1.0]
grid std ranking:         [0.03, 0.04, 0.04, 0.05, 0.05, 0.06, 0.06, 0.06, 0.06, 0.06, 0.06, 0.06, 0.07, 0.07, 0.07, 0.06, 0.06, 0.06, 0.06, 0.06, 0.05, 0.05, 0.05, 0.04, 0.05, 0.04, 0.04, 0.04, 0.04, 0.04, 0.04, 0.04, 0.04, 0.04, 0.04, 0.04, 0.04, 0.04, 0.04, 0.04, 0.04, 0.03, 0.03, 0.03, 0.03, 0.03, 0.03, 0.03, 0.03, 0.03, 0.02, 0.02, 0.02, 0.02, 0.02, 0.02, 0.02, 0.02, 0.02, 0.02, 0.02, 0.02, 0.02, 0.02, 0.02, 0.02, 0.02, 0.02, 0.02, 0.01, 0.01, 0.01, 0.01, 0.01, 0.01, 0.01, 0.01, 0.01, 0.01, 0.01, 0.01, 0.01, 0.01, 0.01, 0.01, 0.01, 0.01, 0.01, 0.01, 0.0, 0.0, 0.0, 0.0, 0.0, 0.0, 0.0, 0.0, 0.0, 0.0, 0.0]
grid G mean tp,fp,tn,fn:    [9.73, 8.57, 891.43, 90.27]
grid G std tp,fp,tn,fn:     [5.02, 6.49, 6.49, 5.02]


name_of_experiment:         experiment 0_7_2: prid450, BASELINE
file_name:                  siamese_cnn_image.pyc
date:                       04/08/2017   02:45:58
duration:                   6132.286147
prid450 mean tp,fp,tn,fn:    [15.03, 169.3, 9730.7, 84.97]
prid450 std tp,fp,tn,fn:     [8.66, 126.47, 126.47, 8.66]
prid450 detection rate (TP/(TP+FN)):      0.150333333333
prid450 false alarm (FP/(FP+TN)):        0.017101010101
prid450 mean ranking:        [0.14, 0.22, 0.29, 0.34, 0.38, 0.42, 0.45, 0.48, 0.51, 0.53, 0.56, 0.58, 0.6, 0.62, 0.64, 0.65, 0.67, 0.68, 0.7, 0.71, 0.72, 0.74, 0.74, 0.76, 0.77, 0.78, 0.78, 0.79, 0.8, 0.81, 0.82, 0.83, 0.83, 0.84, 0.85, 0.86, 0.86, 0.87, 0.88, 0.88, 0.88, 0.89, 0.89, 0.9, 0.91, 0.91, 0.91, 0.92, 0.92, 0.93, 0.93, 0.93, 0.93, 0.94, 0.94, 0.95, 0.95, 0.95, 0.95, 0.96, 0.96, 0.96, 0.96, 0.97, 0.97, 0.97, 0.97, 0.98, 0.98, 0.98, 0.98, 0.98, 0.99, 0.99, 0.99, 0.99, 0.99, 0.99, 0.99, 0.99, 0.99, 0.99, 0.99, 0.99, 0.99, 0.99, 1.0, 1.0, 1.0, 1.0, 1.0, 1.0, 1.0, 1.0, 1.0, 1.0, 1.0, 1.0, 1.0, 1.0]
prid450 std ranking:         [0.05, 0.05, 0.05, 0.06, 0.06, 0.06, 0.06, 0.06, 0.07, 0.07, 0.07, 0.06, 0.06, 0.06, 0.06, 0.06, 0.06, 0.06, 0.06, 0.06, 0.06, 0.06, 0.06, 0.05, 0.05, 0.05, 0.05, 0.05, 0.05, 0.05, 0.05, 0.05, 0.05, 0.04, 0.04, 0.04, 0.04, 0.04, 0.04, 0.04, 0.03, 0.03, 0.03, 0.03, 0.03, 0.03, 0.03, 0.03, 0.03, 0.03, 0.03, 0.03, 0.02, 0.02, 0.02, 0.02, 0.02, 0.02, 0.02, 0.02, 0.02, 0.02, 0.02, 0.02, 0.02, 0.02, 0.02, 0.01, 0.01, 0.01, 0.01, 0.01, 0.01, 0.01, 0.01, 0.01, 0.01, 0.01, 0.01, 0.01, 0.01, 0.01, 0.01, 0.01, 0.01, 0.01, 0.01, 0.01, 0.01, 0.01, 0.01, 0.01, 0.0, 0.0, 0.0, 0.0, 0.0, 0.0, 0.0, 0.0]
prid450 G mean tp,fp,tn,fn:    [15.03, 16.4, 883.6, 84.97]
prid450 G std tp,fp,tn,fn:     [8.66, 14.84, 14.84, 8.66]

