
name_of_experiment:         131. priming 105 at epoch 10, train 1 epochs
0.55, 0.8, 0.92, 0.95, 0.98, 0.98, 0.99, 1.0, 1.0, 1.0, 1.0, 1.0, 1.0, 1.0, 1.0, 1.0, 1.0, 1.0, 1.0, 1.0
0.49, 0.66, 0.79, 0.82, 0.87, 0.94, 1.0, 1.0, 1.0, 1.0, 1.0, 1.0, 1.0, 1.0, 1.0, 1.0, 1.0, 1.0, 1.0, 1.0


name_of_experiment:         132. priming 105 at epoch 20, train 1 epochs
0.71, 0.87, 0.93, 0.93, 0.99, 0.99, 0.99, 1.0, 1.0, 1.0, 1.0, 1.0, 1.0, 1.0, 1.0, 1.0, 1.0, 1.0, 1.0, 1.0
0.36, 0.61, 0.69, 0.78, 0.84, 0.88, 0.89, 0.92, 0.95, 0.97, 1.0, 1.0, 1.0, 1.0, 1.0, 1.0, 1.0, 1.0, 1.0, 1.0


name_of_experiment:         133. priming 105 at epoch 30, train 1 epochs
0.76, 0.96, 0.96, 0.99, 0.99, 0.99, 0.99, 0.99, 0.99, 0.99, 1.0, 1.0, 1.0, 1.0, 1.0, 1.0, 1.0, 1.0, 1.0, 1.0
0.59, 0.7, 0.77, 0.86, 0.89, 0.95, 0.96, 0.97, 1.0, 1.0, 1.0, 1.0, 1.0, 1.0, 1.0, 1.0, 1.0, 1.0, 1.0, 1.0


name_of_experiment:         134. priming 105 at epoch 40, train 1 epochs
0.85, 0.93, 0.94, 0.95, 0.99, 0.99, 0.99, 0.99, 1.0, 1.0, 1.0, 1.0, 1.0, 1.0, 1.0, 1.0, 1.0, 1.0, 1.0, 1.0
0.39, 0.62, 0.76, 0.84, 0.85, 0.86, 0.89, 0.9, 0.92, 0.93, 0.98, 0.99, 1.0, 1.0, 1.0, 1.0, 1.0, 1.0, 1.0, 1.0


name_of_experiment:         135. priming 105 at epoch 50, train 1 epochs
0.91, 0.92, 0.98, 0.98, 0.99, 0.99, 0.99, 0.99, 0.99, 0.99, 0.99, 0.99, 1.0, 1.0, 1.0, 1.0, 1.0, 1.0, 1.0, 1.0
0.51, 0.79, 0.81, 0.9, 0.93, 0.99, 1.0, 1.0, 1.0, 1.0, 1.0, 1.0, 1.0, 1.0, 1.0, 1.0, 1.0, 1.0, 1.0, 1.0


name_of_experiment:         136. priming 105 at epoch 60, train 1 epochs
0.87, 0.93, 1.0, 1.0, 1.0, 1.0, 1.0, 1.0, 1.0, 1.0, 1.0, 1.0, 1.0, 1.0, 1.0, 1.0, 1.0, 1.0, 1.0, 1.0
0.56, 0.74, 0.85, 0.89, 0.9, 0.9, 0.9, 0.95, 0.99, 1.0, 1.0, 1.0, 1.0, 1.0, 1.0, 1.0, 1.0, 1.0, 1.0, 1.0


name_of_experiment:         137. priming 105 at epoch 70, train 1 epochs
0.91, 0.96, 0.98, 0.98, 0.99, 0.99, 0.99, 0.99, 0.99, 0.99, 1.0, 1.0, 1.0, 1.0, 1.0, 1.0, 1.0, 1.0, 1.0, 1.0
0.61, 0.75, 0.8, 0.85, 0.97, 1.0, 1.0, 1.0, 1.0, 1.0, 1.0, 1.0, 1.0, 1.0, 1.0, 1.0, 1.0, 1.0, 1.0, 1.0


name_of_experiment:         138. priming 105 at epoch 80, train 1 epochs
0.9, 0.97, 0.97, 0.99, 1.0, 1.0, 1.0, 1.0, 1.0, 1.0, 1.0, 1.0, 1.0, 1.0, 1.0, 1.0, 1.0, 1.0, 1.0, 1.0
0.61, 0.66, 0.77, 0.85, 0.9, 0.96, 0.96, 0.96, 0.97, 0.97, 1.0, 1.0, 1.0, 1.0, 1.0, 1.0, 1.0, 1.0, 1.0, 1.0


name_of_experiment:         139. priming 105 at epoch 90, train 1 epochs
0.91, 1.0, 1.0, 1.0, 1.0, 1.0, 1.0, 1.0, 1.0, 1.0, 1.0, 1.0, 1.0, 1.0, 1.0, 1.0, 1.0, 1.0, 1.0, 1.0
0.63, 0.76, 0.82, 0.84, 0.86, 0.93, 0.94, 0.95, 0.97, 1.0, 1.0, 1.0, 1.0, 1.0, 1.0, 1.0, 1.0, 1.0, 1.0, 1.0


name_of_experiment:         140. priming 105 at epoch 100, train 1 epochs
0.96, 0.97, 0.98, 0.98, 1.0, 1.0, 1.0, 1.0, 1.0, 1.0, 1.0, 1.0, 1.0, 1.0, 1.0, 1.0, 1.0, 1.0, 1.0, 1.0
0.6, 0.78, 0.87, 0.94, 0.96, 0.99, 1.0, 1.0, 1.0, 1.0, 1.0, 1.0, 1.0, 1.0, 1.0, 1.0, 1.0, 1.0, 1.0, 1.0


name_of_experiment:         141. priming 105 at epoch 10, train 10 epochs
0.59, 0.76, 0.82, 0.84, 0.91, 0.95, 0.96, 1.0, 1.0, 1.0, 1.0, 1.0, 1.0, 1.0, 1.0, 1.0, 1.0, 1.0, 1.0, 1.0
0.51, 0.71, 0.77, 0.86, 0.91, 0.94, 0.95, 0.96, 0.99, 1.0, 1.0, 1.0, 1.0, 1.0, 1.0, 1.0, 1.0, 1.0, 1.0, 1.0


name_of_experiment:         142. priming 105 at epoch 20, train 10 epochs
0.74, 0.82, 0.85, 0.86, 0.91, 0.98, 1.0, 1.0, 1.0, 1.0, 1.0, 1.0, 1.0, 1.0, 1.0, 1.0, 1.0, 1.0, 1.0, 1.0
0.46, 0.67, 0.79, 0.82, 0.87, 0.9, 0.91, 0.95, 0.98, 0.99, 0.99, 1.0, 1.0, 1.0, 1.0, 1.0, 1.0, 1.0, 1.0, 1.0


name_of_experiment:         143. priming 105 at epoch 30, train 10 epochs
0.61, 0.7, 0.81, 0.84, 0.9, 0.92, 0.94, 0.97, 0.98, 1.0, 1.0, 1.0, 1.0, 1.0, 1.0, 1.0, 1.0, 1.0, 1.0, 1.0
0.54, 0.64, 0.77, 0.85, 0.88, 0.88, 0.89, 0.91, 0.93, 0.97, 1.0, 1.0, 1.0, 1.0, 1.0, 1.0, 1.0, 1.0, 1.0, 1.0


name_of_experiment:         144. priming 105 at epoch 40, train 10 epochs
0.61, 0.71, 0.76, 0.82, 0.9, 0.92, 0.95, 0.99, 1.0, 1.0, 1.0, 1.0, 1.0, 1.0, 1.0, 1.0, 1.0, 1.0, 1.0, 1.0
0.43, 0.7, 0.77, 0.8, 0.8, 0.8, 0.8, 0.83, 0.93, 0.96, 0.99, 1.0, 1.0, 1.0, 1.0, 1.0, 1.0, 1.0, 1.0, 1.0


name_of_experiment:         145. priming 105 at epoch 50, train 10 epochs
0.67, 0.79, 0.88, 0.9, 0.94, 0.96, 0.96, 0.98, 0.99, 0.99, 1.0, 1.0, 1.0, 1.0, 1.0, 1.0, 1.0, 1.0, 1.0, 1.0
0.52, 0.73, 0.76, 0.85, 0.85, 0.91, 0.95, 0.98, 0.99, 1.0, 1.0, 1.0, 1.0, 1.0, 1.0, 1.0, 1.0, 1.0, 1.0, 1.0


name_of_experiment:         146. priming 105 at epoch 60, train 10 epochs
0.72, 0.86, 0.89, 0.98, 0.99, 1.0, 1.0, 1.0, 1.0, 1.0, 1.0, 1.0, 1.0, 1.0, 1.0, 1.0, 1.0, 1.0, 1.0, 1.0
0.56, 0.72, 0.8, 0.85, 0.91, 0.91, 0.95, 0.98, 0.99, 1.0, 1.0, 1.0, 1.0, 1.0, 1.0, 1.0, 1.0, 1.0, 1.0, 1.0


name_of_experiment:         147. priming 105 at epoch 70, train 10 epochs
0.79, 0.88, 0.9, 0.95, 0.98, 0.98, 0.99, 1.0, 1.0, 1.0, 1.0, 1.0, 1.0, 1.0, 1.0, 1.0, 1.0, 1.0, 1.0, 1.0
0.53, 0.71, 0.82, 0.94, 0.97, 1.0, 1.0, 1.0, 1.0, 1.0, 1.0, 1.0, 1.0, 1.0, 1.0, 1.0, 1.0, 1.0, 1.0, 1.0


name_of_experiment:         148. priming 105 at epoch 80, train 10 epochs
0.63, 0.8, 0.86, 0.91, 1.0, 1.0, 1.0, 1.0, 1.0, 1.0, 1.0, 1.0, 1.0, 1.0, 1.0, 1.0, 1.0, 1.0, 1.0, 1.0
0.52, 0.68, 0.81, 0.9, 0.95, 0.99, 0.99, 1.0, 1.0, 1.0, 1.0, 1.0, 1.0, 1.0, 1.0, 1.0, 1.0, 1.0, 1.0, 1.0


name_of_experiment:         149. priming 105 at epoch 90, train 10 epochs
0.9, 0.93, 0.95, 1.0, 1.0, 1.0, 1.0, 1.0, 1.0, 1.0, 1.0, 1.0, 1.0, 1.0, 1.0, 1.0, 1.0, 1.0, 1.0, 1.0
0.78, 0.87, 0.87, 0.89, 0.91, 0.95, 0.96, 0.99, 1.0, 1.0, 1.0, 1.0, 1.0, 1.0, 1.0, 1.0, 1.0, 1.0, 1.0, 1.0


name_of_experiment:         150. priming 105 at epoch 100, train 10 epochs
0.78, 0.82, 0.88, 0.88, 0.97, 0.98, 1.0, 1.0, 1.0, 1.0, 1.0, 1.0, 1.0, 1.0, 1.0, 1.0, 1.0, 1.0, 1.0, 1.0
0.61, 0.8, 0.86, 0.89, 0.93, 0.94, 0.95, 0.99, 1.0, 1.0, 1.0, 1.0, 1.0, 1.0, 1.0, 1.0, 1.0, 1.0, 1.0, 1.0


name_of_experiment:         151. priming 105 at epoch 10, train 20 epochs
0.56, 0.71, 0.79, 0.83, 0.86, 0.91, 0.97, 0.99, 1.0, 1.0, 1.0, 1.0, 1.0, 1.0, 1.0, 1.0, 1.0, 1.0, 1.0, 1.0
0.44, 0.65, 0.71, 0.75, 0.83, 0.86, 0.91, 0.92, 0.96, 1.0, 1.0, 1.0, 1.0, 1.0, 1.0, 1.0, 1.0, 1.0, 1.0, 1.0


name_of_experiment:         152. priming 105 at epoch 20, train 20 epochs
0.71, 0.82, 0.86, 0.9, 0.93, 0.98, 0.99, 0.99, 0.99, 1.0, 1.0, 1.0, 1.0, 1.0, 1.0, 1.0, 1.0, 1.0, 1.0, 1.0
0.47, 0.62, 0.74, 0.82, 0.84, 0.86, 0.9, 0.92, 0.92, 0.94, 0.99, 1.0, 1.0, 1.0, 1.0, 1.0, 1.0, 1.0, 1.0, 1.0


name_of_experiment:         153. priming 105 at epoch 30, train 20 epochs
0.5, 0.61, 0.81, 0.84, 0.9, 0.96, 0.99, 1.0, 1.0, 1.0, 1.0, 1.0, 1.0, 1.0, 1.0, 1.0, 1.0, 1.0, 1.0, 1.0
0.54, 0.7, 0.81, 0.85, 0.88, 0.89, 0.9, 0.91, 0.92, 0.97, 0.99, 1.0, 1.0, 1.0, 1.0, 1.0, 1.0, 1.0, 1.0, 1.0


name_of_experiment:         154. priming 105 at epoch 40, train 20 epochs
0.59, 0.71, 0.77, 0.79, 0.86, 0.89, 0.9, 0.91, 0.97, 0.99, 1.0, 1.0, 1.0, 1.0, 1.0, 1.0, 1.0, 1.0, 1.0, 1.0
0.38, 0.68, 0.75, 0.79, 0.81, 0.82, 0.84, 0.91, 0.93, 0.99, 1.0, 1.0, 1.0, 1.0, 1.0, 1.0, 1.0, 1.0, 1.0, 1.0


name_of_experiment:         155. priming 105 at epoch 50, train 20 epochs
0.6, 0.77, 0.87, 0.91, 0.93, 0.95, 0.95, 0.95, 0.95, 0.96, 0.97, 1.0, 1.0, 1.0, 1.0, 1.0, 1.0, 1.0, 1.0, 1.0
0.44, 0.66, 0.74, 0.87, 0.87, 0.9, 0.91, 0.92, 0.98, 0.99, 1.0, 1.0, 1.0, 1.0, 1.0, 1.0, 1.0, 1.0, 1.0, 1.0


name_of_experiment:         156. priming 105 at epoch 60, train 20 epochs
0.57, 0.74, 0.8, 0.9, 0.96, 0.96, 0.97, 0.97, 0.99, 1.0, 1.0, 1.0, 1.0, 1.0, 1.0, 1.0, 1.0, 1.0, 1.0, 1.0
0.46, 0.7, 0.81, 0.84, 0.93, 0.96, 0.97, 0.98, 0.99, 1.0, 1.0, 1.0, 1.0, 1.0, 1.0, 1.0, 1.0, 1.0, 1.0, 1.0


name_of_experiment:         157. priming 105 at epoch 70, train 20 epochs
0.74, 0.86, 0.89, 0.94, 0.96, 0.99, 1.0, 1.0, 1.0, 1.0, 1.0, 1.0, 1.0, 1.0, 1.0, 1.0, 1.0, 1.0, 1.0, 1.0
0.49, 0.69, 0.79, 0.89, 0.93, 0.95, 0.96, 1.0, 1.0, 1.0, 1.0, 1.0, 1.0, 1.0, 1.0, 1.0, 1.0, 1.0, 1.0, 1.0


name_of_experiment:         158. priming 105 at epoch 80, train 20 epochs
0.58, 0.76, 0.8, 0.88, 0.96, 0.99, 0.99, 1.0, 1.0, 1.0, 1.0, 1.0, 1.0, 1.0, 1.0, 1.0, 1.0, 1.0, 1.0, 1.0
0.47, 0.62, 0.78, 0.88, 0.92, 0.96, 1.0, 1.0, 1.0, 1.0, 1.0, 1.0, 1.0, 1.0, 1.0, 1.0, 1.0, 1.0, 1.0, 1.0


name_of_experiment:         159. priming 105 at epoch 90, train 20 epochs
0.87, 0.9, 0.91, 0.97, 1.0, 1.0, 1.0, 1.0, 1.0, 1.0, 1.0, 1.0, 1.0, 1.0, 1.0, 1.0, 1.0, 1.0, 1.0, 1.0
0.62, 0.81, 0.82, 0.85, 0.88, 0.91, 0.94, 0.94, 1.0, 1.0, 1.0, 1.0, 1.0, 1.0, 1.0, 1.0, 1.0, 1.0, 1.0, 1.0


name_of_experiment:         160. priming 105 at epoch 100, train 20 epochs
0.75, 0.81, 0.87, 0.87, 0.93, 0.97, 0.98, 0.98, 0.99, 0.99, 1.0, 1.0, 1.0, 1.0, 1.0, 1.0, 1.0, 1.0, 1.0, 1.0
0.59, 0.82, 0.87, 0.9, 0.9, 0.9, 0.94, 0.97, 0.98, 0.99, 1.0, 1.0, 1.0, 1.0, 1.0, 1.0, 1.0, 1.0, 1.0, 1.0
