name_of_experiment:         experiment 13_0: test=viper, with batchnorm, neural_d=concatenate
file_name:                  siamese_cnn_image.pyc
date:                       16/08/2017   19:18:44
duration:                   5054.632339
viper mean tp,fp,tn,fn:    [60.2, 2253.8, 7646.2, 39.8]
viper std tp,fp,tn,fn:     [16.5, 863.64, 863.64, 16.5]
viper detection rate (TP/(TP+FN)):      0.602
viper false alarm (FP/(FP+TN)):        0.227656565657
viper mean ranking:        [0.08, 0.13, 0.17, 0.21, 0.25, 0.28, 0.31, 0.34, 0.37, 0.39, 0.42, 0.44, 0.47, 0.48, 0.51, 0.52, 0.54, 0.56, 0.58, 0.59, 0.61, 0.62, 0.63, 0.64, 0.66, 0.67, 0.68, 0.69, 0.7, 0.72, 0.72, 0.73, 0.74, 0.75, 0.76, 0.77, 0.78, 0.79, 0.8, 0.8, 0.81, 0.82, 0.82, 0.83, 0.84, 0.84, 0.85, 0.86, 0.86, 0.87, 0.87, 0.88, 0.88, 0.89, 0.89, 0.9, 0.9, 0.91, 0.91, 0.92, 0.92, 0.92, 0.93, 0.93, 0.94, 0.94, 0.94, 0.95, 0.95, 0.95, 0.96, 0.96, 0.96, 0.97, 0.97, 0.97, 0.97, 0.97, 0.98, 0.98, 0.98, 0.98, 0.99, 0.99, 0.99, 0.99, 0.99, 0.99, 0.99, 0.99, 0.99, 1.0, 1.0, 1.0, 1.0, 1.0, 1.0, 1.0, 1.0, 1.0]
viper std ranking:         [0.03, 0.04, 0.04, 0.05, 0.06, 0.07, 0.08, 0.09, 0.09, 0.1, 0.1, 0.1, 0.11, 0.11, 0.11, 0.11, 0.11, 0.11, 0.11, 0.11, 0.11, 0.11, 0.11, 0.11, 0.11, 0.11, 0.11, 0.11, 0.11, 0.11, 0.11, 0.11, 0.11, 0.11, 0.11, 0.11, 0.11, 0.11, 0.11, 0.11, 0.11, 0.1, 0.1, 0.1, 0.1, 0.1, 0.09, 0.09, 0.09, 0.08, 0.08, 0.08, 0.08, 0.08, 0.08, 0.07, 0.07, 0.06, 0.06, 0.06, 0.06, 0.06, 0.05, 0.05, 0.05, 0.05, 0.05, 0.04, 0.04, 0.04, 0.04, 0.04, 0.04, 0.03, 0.03, 0.03, 0.03, 0.03, 0.03, 0.03, 0.02, 0.02, 0.02, 0.02, 0.02, 0.01, 0.01, 0.01, 0.01, 0.01, 0.01, 0.01, 0.01, 0.01, 0.01, 0.01, 0.01, 0.01, 0.0, 0.0]
viper G mean tp,fp,tn,fn:    [60.2, 210.67, 689.33, 39.8]
viper G std tp,fp,tn,fn:     [16.5, 77.1, 77.1, 16.5]


name_of_experiment:         experiment 13_1: test=grid, with batchnorm, neural_d=concatenate
file_name:                  siamese_cnn_image.pyc
date:                       16/08/2017   19:48:14
duration:                   1764.701188
grid mean tp,fp,tn,fn:    [73.93, 1783.87, 8116.13, 26.07]
grid std tp,fp,tn,fn:     [6.38, 226.99, 226.99, 6.38]
grid detection rate (TP/(TP+FN)):      0.739333333333
grid false alarm (FP/(FP+TN)):        0.180188552189
grid mean ranking:        [0.11, 0.2, 0.27, 0.33, 0.38, 0.43, 0.47, 0.51, 0.54, 0.57, 0.6, 0.62, 0.65, 0.67, 0.69, 0.7, 0.72, 0.74, 0.75, 0.76, 0.78, 0.79, 0.8, 0.81, 0.82, 0.83, 0.83, 0.84, 0.84, 0.85, 0.86, 0.86, 0.87, 0.88, 0.88, 0.89, 0.89, 0.9, 0.9, 0.9, 0.91, 0.91, 0.91, 0.92, 0.92, 0.93, 0.93, 0.93, 0.94, 0.94, 0.94, 0.94, 0.95, 0.95, 0.95, 0.95, 0.96, 0.96, 0.97, 0.97, 0.97, 0.97, 0.97, 0.97, 0.98, 0.98, 0.98, 0.98, 0.98, 0.98, 0.98, 0.98, 0.99, 0.99, 0.99, 0.99, 0.99, 0.99, 0.99, 0.99, 0.99, 0.99, 1.0, 1.0, 1.0, 1.0, 1.0, 1.0, 1.0, 1.0, 1.0, 1.0, 1.0, 1.0, 1.0, 1.0, 1.0, 1.0, 1.0, 1.0]
grid std ranking:         [0.03, 0.03, 0.04, 0.04, 0.05, 0.06, 0.06, 0.07, 0.07, 0.07, 0.07, 0.06, 0.06, 0.07, 0.07, 0.07, 0.07, 0.07, 0.06, 0.07, 0.06, 0.06, 0.06, 0.06, 0.06, 0.06, 0.05, 0.05, 0.05, 0.05, 0.05, 0.05, 0.05, 0.04, 0.04, 0.04, 0.04, 0.03, 0.03, 0.03, 0.03, 0.03, 0.03, 0.03, 0.02, 0.03, 0.03, 0.02, 0.02, 0.02, 0.02, 0.02, 0.02, 0.02, 0.02, 0.02, 0.02, 0.02, 0.02, 0.02, 0.02, 0.02, 0.02, 0.02, 0.02, 0.02, 0.02, 0.02, 0.01, 0.01, 0.01, 0.01, 0.01, 0.01, 0.01, 0.01, 0.01, 0.01, 0.01, 0.01, 0.01, 0.01, 0.01, 0.01, 0.0, 0.0, 0.0, 0.0, 0.0, 0.0, 0.0, 0.0, 0.0, 0.0, 0.0, 0.0, 0.0, 0.0, 0.0, 0.0]
grid G mean tp,fp,tn,fn:    [73.93, 167.33, 732.67, 26.07]
grid G std tp,fp,tn,fn:     [6.38, 29.41, 29.41, 6.38]


name_of_experiment:         experiment 13_2: test=prid450, with batchnorm, neural_d=concatenate
file_name:                  siamese_cnn_image.pyc
date:                       16/08/2017   20:45:40
duration:                   3442.220092
prid450 mean tp,fp,tn,fn:    [63.03, 1990.1, 7909.9, 36.97]
prid450 std tp,fp,tn,fn:     [11.19, 486.58, 486.58, 11.19]
prid450 detection rate (TP/(TP+FN)):      0.630333333333
prid450 false alarm (FP/(FP+TN)):        0.20102020202
prid450 mean ranking:        [0.09, 0.15, 0.2, 0.25, 0.28, 0.32, 0.35, 0.38, 0.41, 0.44, 0.46, 0.48, 0.5, 0.52, 0.54, 0.56, 0.58, 0.59, 0.61, 0.63, 0.66, 0.67, 0.68, 0.69, 0.7, 0.71, 0.72, 0.74, 0.75, 0.76, 0.77, 0.78, 0.79, 0.79, 0.81, 0.81, 0.82, 0.83, 0.84, 0.85, 0.85, 0.86, 0.87, 0.87, 0.88, 0.89, 0.89, 0.9, 0.9, 0.91, 0.92, 0.92, 0.93, 0.93, 0.94, 0.94, 0.94, 0.95, 0.95, 0.95, 0.96, 0.96, 0.96, 0.97, 0.97, 0.97, 0.98, 0.98, 0.98, 0.98, 0.98, 0.98, 0.99, 0.99, 0.99, 0.99, 0.99, 0.99, 0.99, 1.0, 1.0, 1.0, 1.0, 1.0, 1.0, 1.0, 1.0, 1.0, 1.0, 1.0, 1.0, 1.0, 1.0, 1.0, 1.0, 1.0, 1.0, 1.0, 1.0, 1.0]
prid450 std ranking:         [0.03, 0.05, 0.06, 0.06, 0.07, 0.07, 0.08, 0.08, 0.08, 0.09, 0.08, 0.08, 0.08, 0.08, 0.08, 0.08, 0.08, 0.08, 0.08, 0.08, 0.08, 0.07, 0.08, 0.08, 0.07, 0.07, 0.07, 0.07, 0.07, 0.06, 0.06, 0.06, 0.06, 0.06, 0.06, 0.06, 0.06, 0.06, 0.05, 0.05, 0.05, 0.05, 0.05, 0.05, 0.05, 0.05, 0.04, 0.05, 0.04, 0.04, 0.04, 0.04, 0.04, 0.04, 0.04, 0.03, 0.03, 0.03, 0.03, 0.03, 0.03, 0.03, 0.03, 0.03, 0.02, 0.02, 0.02, 0.02, 0.02, 0.02, 0.02, 0.02, 0.01, 0.01, 0.01, 0.01, 0.01, 0.01, 0.01, 0.01, 0.01, 0.01, 0.01, 0.01, 0.0, 0.0, 0.0, 0.0, 0.0, 0.0, 0.0, 0.0, 0.0, 0.0, 0.0, 0.0, 0.0, 0.0, 0.0, 0.0]
prid450 G mean tp,fp,tn,fn:    [63.03, 184.43, 715.57, 36.97]
prid450 G std tp,fp,tn,fn:     [11.19, 74.27, 74.27, 11.19]


name_of_experiment:         experiment 13_3: test=market, with batchnorm, neural_d=concatenate
file_name:                  siamese_cnn_image.pyc
date:                       17/08/2017   06:23:10
duration:                   34644.867713
market mean tp,fp,tn,fn:    [76.7, 538.9, 9361.1, 23.3]
market std tp,fp,tn,fn:     [4.5, 116.81, 116.81, 4.5]
market detection rate (TP/(TP+FN)):      0.767
market false alarm (FP/(FP+TN)):        0.0544343434343
market mean ranking:        [0.37, 0.53, 0.62, 0.69, 0.74, 0.77, 0.79, 0.82, 0.84, 0.86, 0.87, 0.88, 0.9, 0.91, 0.91, 0.92, 0.93, 0.94, 0.94, 0.95, 0.95, 0.95, 0.95, 0.96, 0.96, 0.96, 0.97, 0.97, 0.97, 0.98, 0.98, 0.98, 0.98, 0.98, 0.98, 0.99, 0.99, 0.99, 0.99, 0.99, 0.99, 0.99, 0.99, 0.99, 0.99, 0.99, 0.99, 0.99, 0.99, 0.99, 0.99, 0.99, 0.99, 0.99, 0.99, 0.99, 1.0, 1.0, 1.0, 1.0, 1.0, 1.0, 1.0, 1.0, 1.0, 1.0, 1.0, 1.0, 1.0, 1.0, 1.0, 1.0, 1.0, 1.0, 1.0, 1.0, 1.0, 1.0, 1.0, 1.0, 1.0, 1.0, 1.0, 1.0, 1.0, 1.0, 1.0, 1.0, 1.0, 1.0, 1.0, 1.0, 1.0, 1.0, 1.0, 1.0, 1.0, 1.0, 1.0, 1.0]
market std ranking:         [0.05, 0.06, 0.06, 0.05, 0.05, 0.05, 0.05, 0.04, 0.03, 0.03, 0.03, 0.03, 0.03, 0.03, 0.03, 0.03, 0.03, 0.03, 0.03, 0.03, 0.03, 0.03, 0.03, 0.02, 0.02, 0.02, 0.02, 0.02, 0.02, 0.01, 0.01, 0.01, 0.01, 0.01, 0.01, 0.01, 0.01, 0.01, 0.01, 0.01, 0.01, 0.01, 0.01, 0.01, 0.01, 0.01, 0.01, 0.01, 0.01, 0.01, 0.01, 0.01, 0.01, 0.01, 0.01, 0.01, 0.01, 0.01, 0.01, 0.0, 0.0, 0.0, 0.0, 0.0, 0.0, 0.0, 0.0, 0.0, 0.0, 0.0, 0.0, 0.0, 0.0, 0.0, 0.0, 0.0, 0.0, 0.0, 0.0, 0.0, 0.0, 0.0, 0.0, 0.0, 0.0, 0.0, 0.0, 0.0, 0.0, 0.0, 0.0, 0.0, 0.0, 0.0, 0.0, 0.0, 0.0, 0.0, 0.0, 0.0]
market G mean tp,fp,tn,fn:    [76.7, 46.23, 853.77, 23.3]
market G std tp,fp,tn,fn:     [4.5, 15.14, 15.14, 4.5]


name_of_experiment:         experiment 13_4: test=cuhk02, with batchnorm, neural_d=concatenate
file_name:                  siamese_cnn_image.pyc
date:                       17/08/2017   15:47:15
duration:                   33840.025385
cuhk02 mean tp,fp,tn,fn:    [77.2, 665.17, 9234.83, 22.8]
cuhk02 std tp,fp,tn,fn:     [4.25, 108.33, 108.33, 4.25]
cuhk02 detection rate (TP/(TP+FN)):      0.772
cuhk02 false alarm (FP/(FP+TN)):        0.0671885521886
cuhk02 mean ranking:        [0.35, 0.5, 0.59, 0.65, 0.7, 0.73, 0.77, 0.79, 0.81, 0.83, 0.84, 0.86, 0.87, 0.88, 0.89, 0.9, 0.91, 0.91, 0.92, 0.93, 0.93, 0.94, 0.94, 0.94, 0.95, 0.95, 0.96, 0.96, 0.96, 0.96, 0.97, 0.97, 0.97, 0.97, 0.97, 0.98, 0.98, 0.98, 0.98, 0.98, 0.98, 0.99, 0.99, 0.99, 0.99, 0.99, 0.99, 0.99, 0.99, 0.99, 0.99, 0.99, 0.99, 0.99, 0.99, 0.99, 0.99, 0.99, 0.99, 0.99, 1.0, 1.0, 1.0, 1.0, 1.0, 1.0, 1.0, 1.0, 1.0, 1.0, 1.0, 1.0, 1.0, 1.0, 1.0, 1.0, 1.0, 1.0, 1.0, 1.0, 1.0, 1.0, 1.0, 1.0, 1.0, 1.0, 1.0, 1.0, 1.0, 1.0, 1.0, 1.0, 1.0, 1.0, 1.0, 1.0, 1.0, 1.0, 1.0, 1.0]
cuhk02 std ranking:         [0.06, 0.07, 0.07, 0.06, 0.05, 0.05, 0.05, 0.04, 0.04, 0.04, 0.04, 0.04, 0.04, 0.04, 0.03, 0.03, 0.03, 0.03, 0.03, 0.03, 0.02, 0.02, 0.02, 0.02, 0.02, 0.02, 0.02, 0.02, 0.02, 0.02, 0.02, 0.02, 0.02, 0.02, 0.02, 0.02, 0.02, 0.01, 0.01, 0.01, 0.01, 0.01, 0.01, 0.01, 0.01, 0.01, 0.01, 0.01, 0.01, 0.01, 0.01, 0.01, 0.01, 0.01, 0.01, 0.01, 0.01, 0.01, 0.01, 0.01, 0.01, 0.01, 0.01, 0.01, 0.01, 0.01, 0.01, 0.01, 0.01, 0.01, 0.01, 0.01, 0.01, 0.01, 0.0, 0.0, 0.0, 0.0, 0.0, 0.0, 0.0, 0.0, 0.0, 0.0, 0.0, 0.0, 0.0, 0.0, 0.0, 0.0, 0.0, 0.0, 0.0, 0.0, 0.0, 0.0, 0.0, 0.0, 0.0, 0.0]
cuhk02 G mean tp,fp,tn,fn:    [77.2, 52.37, 847.63, 22.8]
cuhk02 G std tp,fp,tn,fn:     [4.25, 15.97, 15.97, 4.25]