name_of_experiment:         experiment 14_0: test=viper, train=[grid, prid450, market, cuhk02], with batchnorm, neural_d=concatenate
file_name:                  siamese_cnn_image.pyc
date:                       17/08/2017   09:55:14
duration:                   57279.606921
viper mean tp,fp,tn,fn:    [72.65, 1789.7, 8110.3, 27.35]
viper std tp,fp,tn,fn:     [11.5, 602.55, 602.55, 11.5]
viper detection rate (TP/(TP+FN)):      0.7265
viper false alarm (FP/(FP+TN)):        0.180777777778
viper mean ranking:        [0.16, 0.25, 0.31, 0.36, 0.41, 0.45, 0.49, 0.52, 0.54, 0.57, 0.6, 0.62, 0.64, 0.66, 0.67, 0.68, 0.7, 0.71, 0.72, 0.74, 0.75, 0.76, 0.77, 0.79, 0.79, 0.8, 0.81, 0.82, 0.83, 0.84, 0.84, 0.85, 0.86, 0.87, 0.87, 0.88, 0.88, 0.89, 0.89, 0.9, 0.9, 0.91, 0.91, 0.91, 0.92, 0.92, 0.93, 0.93, 0.93, 0.94, 0.94, 0.94, 0.95, 0.95, 0.95, 0.96, 0.96, 0.96, 0.96, 0.97, 0.97, 0.97, 0.97, 0.97, 0.97, 0.98, 0.98, 0.98, 0.98, 0.98, 0.99, 0.99, 0.99, 0.99, 0.99, 0.99, 0.99, 0.99, 0.99, 0.99, 0.99, 0.99, 0.99, 0.99, 0.99, 0.99, 1.0, 1.0, 1.0, 1.0, 1.0, 1.0, 1.0, 1.0, 1.0, 1.0, 1.0, 1.0, 1.0, 1.0]
viper std ranking:         [0.05, 0.09, 0.11, 0.12, 0.12, 0.14, 0.14, 0.15, 0.15, 0.16, 0.16, 0.16, 0.16, 0.15, 0.15, 0.15, 0.16, 0.15, 0.15, 0.15, 0.15, 0.14, 0.14, 0.13, 0.13, 0.13, 0.12, 0.12, 0.12, 0.12, 0.11, 0.11, 0.11, 0.1, 0.11, 0.1, 0.1, 0.1, 0.09, 0.09, 0.09, 0.09, 0.08, 0.08, 0.08, 0.08, 0.08, 0.08, 0.08, 0.07, 0.07, 0.07, 0.07, 0.06, 0.06, 0.05, 0.05, 0.05, 0.05, 0.04, 0.04, 0.04, 0.04, 0.04, 0.03, 0.03, 0.03, 0.03, 0.03, 0.03, 0.03, 0.02, 0.02, 0.02, 0.02, 0.02, 0.02, 0.02, 0.02, 0.02, 0.02, 0.02, 0.02, 0.01, 0.01, 0.01, 0.01, 0.01, 0.01, 0.0, 0.0, 0.0, 0.0, 0.0, 0.0, 0.0, 0.0, 0.0, 0.0, 0.0]
viper G mean tp,fp,tn,fn:    [72.65, 151.0, 749.0, 27.35]
viper G std tp,fp,tn,fn:     [11.5, 61.54, 61.54, 11.5]


name_of_experiment:         experiment 14_1: test=grid, train=[viper, prid450, market, cuhk02], with batchnorm, neural_d=concatenate
file_name:                  siamese_cnn_image.pyc
date:                       18/08/2017   09:23:25
duration:                   60310.112125
grid mean tp,fp,tn,fn:    [78.6, 1779.75, 8120.25, 21.4]
grid std tp,fp,tn,fn:     [7.02, 333.55, 333.55, 7.02]
grid detection rate (TP/(TP+FN)):      0.786
grid false alarm (FP/(FP+TN)):        0.179772727273
grid mean ranking:        [0.19, 0.28, 0.35, 0.41, 0.46, 0.52, 0.56, 0.59, 0.62, 0.64, 0.67, 0.69, 0.72, 0.73, 0.75, 0.76, 0.78, 0.79, 0.8, 0.81, 0.82, 0.83, 0.84, 0.85, 0.86, 0.87, 0.88, 0.88, 0.89, 0.9, 0.9, 0.91, 0.91, 0.91, 0.92, 0.93, 0.93, 0.93, 0.94, 0.94, 0.95, 0.95, 0.95, 0.96, 0.96, 0.96, 0.97, 0.97, 0.97, 0.97, 0.98, 0.98, 0.98, 0.98, 0.98, 0.98, 0.99, 0.99, 0.99, 0.99, 0.99, 0.99, 0.99, 0.99, 0.99, 0.99, 0.99, 0.99, 0.99, 1.0, 1.0, 1.0, 1.0, 1.0, 1.0, 1.0, 1.0, 1.0, 1.0, 1.0, 1.0, 1.0, 1.0, 1.0, 1.0, 1.0, 1.0, 1.0, 1.0, 1.0, 1.0, 1.0, 1.0, 1.0, 1.0, 1.0, 1.0, 1.0, 1.0, 1.0]
grid std ranking:         [0.04, 0.06, 0.06, 0.06, 0.06, 0.06, 0.06, 0.06, 0.05, 0.06, 0.05, 0.05, 0.05, 0.06, 0.05, 0.05, 0.05, 0.05, 0.05, 0.05, 0.05, 0.05, 0.05, 0.04, 0.04, 0.04, 0.04, 0.03, 0.03, 0.03, 0.03, 0.03, 0.03, 0.03, 0.03, 0.02, 0.02, 0.02, 0.02, 0.02, 0.02, 0.02, 0.02, 0.02, 0.02, 0.02, 0.02, 0.02, 0.02, 0.01, 0.02, 0.02, 0.02, 0.01, 0.01, 0.01, 0.01, 0.01, 0.01, 0.01, 0.01, 0.01, 0.01, 0.01, 0.01, 0.01, 0.01, 0.01, 0.01, 0.01, 0.01, 0.01, 0.0, 0.0, 0.0, 0.0, 0.0, 0.0, 0.0, 0.0, 0.0, 0.0, 0.0, 0.0, 0.0, 0.0, 0.0, 0.0, 0.0, 0.0, 0.0, 0.0, 0.0, 0.0, 0.0, 0.0, 0.0, 0.0, 0.0, 0.0]
grid G mean tp,fp,tn,fn:    [78.6, 166.35, 733.65, 21.4]
grid G std tp,fp,tn,fn:     [7.02, 32.97, 32.97, 7.02]


name_of_experiment:         experiment 14_2: test=prid450, train=[viper, grid, market, cuhk02], with batchnorm, neural_d=concatenate
file_name:                  siamese_cnn_image.pyc
date:                       18/08/2017   13:44:41
duration:                   58308.827439
prid450 mean tp,fp,tn,fn:    [87.35, 2320.55, 7579.45, 12.65]
prid450 std tp,fp,tn,fn:     [4.7, 571.89, 571.89, 4.7]
prid450 detection rate (TP/(TP+FN)):      0.8735
prid450 false alarm (FP/(FP+TN)):        0.234398989899
prid450 mean ranking:        [0.2, 0.31, 0.38, 0.44, 0.48, 0.53, 0.57, 0.6, 0.63, 0.65, 0.68, 0.7, 0.72, 0.73, 0.75, 0.76, 0.78, 0.79, 0.8, 0.81, 0.82, 0.83, 0.84, 0.85, 0.86, 0.87, 0.88, 0.88, 0.89, 0.9, 0.9, 0.91, 0.92, 0.92, 0.93, 0.93, 0.94, 0.94, 0.94, 0.95, 0.95, 0.95, 0.96, 0.96, 0.96, 0.96, 0.97, 0.97, 0.97, 0.97, 0.98, 0.98, 0.98, 0.98, 0.98, 0.99, 0.99, 0.99, 0.99, 0.99, 0.99, 0.99, 0.99, 0.99, 0.99, 0.99, 0.99, 0.99, 1.0, 1.0, 1.0, 1.0, 1.0, 1.0, 1.0, 1.0, 1.0, 1.0, 1.0, 1.0, 1.0, 1.0, 1.0, 1.0, 1.0, 1.0, 1.0, 1.0, 1.0, 1.0, 1.0, 1.0, 1.0, 1.0, 1.0, 1.0, 1.0, 1.0, 1.0, 1.0]
prid450 std ranking:         [0.05, 0.06, 0.07, 0.06, 0.06, 0.07, 0.07, 0.07, 0.07, 0.07, 0.07, 0.07, 0.07, 0.06, 0.06, 0.07, 0.06, 0.07, 0.06, 0.06, 0.06, 0.06, 0.06, 0.06, 0.06, 0.05, 0.05, 0.05, 0.04, 0.04, 0.04, 0.04, 0.04, 0.04, 0.04, 0.04, 0.03, 0.03, 0.03, 0.03, 0.03, 0.03, 0.03, 0.03, 0.03, 0.02, 0.02, 0.02, 0.02, 0.02, 0.02, 0.02, 0.01, 0.01, 0.01, 0.01, 0.01, 0.01, 0.01, 0.01, 0.01, 0.01, 0.01, 0.01, 0.01, 0.01, 0.01, 0.01, 0.01, 0.01, 0.01, 0.01, 0.0, 0.0, 0.0, 0.0, 0.0, 0.0, 0.0, 0.0, 0.0, 0.0, 0.0, 0.0, 0.0, 0.0, 0.0, 0.0, 0.0, 0.0, 0.0, 0.0, 0.0, 0.0, 0.0, 0.0, 0.0, 0.0, 0.0, 0.0]
prid450 G mean tp,fp,tn,fn:    [87.35, 209.8, 690.2, 12.65]
prid450 G std tp,fp,tn,fn:     [4.7, 62.84, 62.84, 4.7]


name_of_experiment:         experiment 14_3: test=market, train=[viper, prid450, grid, cuhk02], with batchnorm, neural_d=concatenate
file_name:                  siamese_cnn_image.pyc
date:                       18/08/2017   10:39:32
duration:                   56243.325677
market mean tp,fp,tn,fn:    [75.4, 357.0, 9543.0, 24.6]
market std tp,fp,tn,fn:     [4.27, 67.69, 67.69, 4.27]
market detection rate (TP/(TP+FN)):      0.754
market false alarm (FP/(FP+TN)):        0.0360606060606
market mean ranking:        [0.42, 0.58, 0.68, 0.74, 0.78, 0.82, 0.85, 0.87, 0.88, 0.89, 0.9, 0.91, 0.92, 0.93, 0.93, 0.94, 0.95, 0.95, 0.96, 0.96, 0.96, 0.97, 0.97, 0.97, 0.97, 0.97, 0.97, 0.97, 0.97, 0.98, 0.98, 0.98, 0.98, 0.98, 0.98, 0.98, 0.98, 0.99, 0.99, 0.99, 0.99, 0.99, 0.99, 0.99, 0.99, 0.99, 0.99, 0.99, 0.99, 0.99, 0.99, 0.99, 0.99, 0.99, 0.99, 0.99, 0.99, 0.99, 0.99, 0.99, 0.99, 0.99, 0.99, 1.0, 1.0, 1.0, 1.0, 1.0, 1.0, 1.0, 1.0, 1.0, 1.0, 1.0, 1.0, 1.0, 1.0, 1.0, 1.0, 1.0, 1.0, 1.0, 1.0, 1.0, 1.0, 1.0, 1.0, 1.0, 1.0, 1.0, 1.0, 1.0, 1.0, 1.0, 1.0, 1.0, 1.0, 1.0, 1.0, 1.0]
market std ranking:         [0.05, 0.06, 0.06, 0.06, 0.06, 0.06, 0.05, 0.04, 0.04, 0.04, 0.03, 0.03, 0.03, 0.03, 0.03, 0.03, 0.03, 0.03, 0.03, 0.03, 0.03, 0.03, 0.02, 0.02, 0.02, 0.02, 0.02, 0.02, 0.02, 0.02, 0.02, 0.01, 0.01, 0.01, 0.01, 0.01, 0.01, 0.01, 0.01, 0.01, 0.01, 0.01, 0.01, 0.01, 0.01, 0.01, 0.01, 0.01, 0.01, 0.01, 0.01, 0.01, 0.01, 0.01, 0.01, 0.01, 0.01, 0.01, 0.01, 0.01, 0.01, 0.01, 0.01, 0.01, 0.01, 0.01, 0.01, 0.01, 0.01, 0.01, 0.01, 0.01, 0.01, 0.01, 0.01, 0.01, 0.01, 0.01, 0.01, 0.01, 0.01, 0.01, 0.01, 0.01, 0.0, 0.0, 0.0, 0.0, 0.0, 0.0, 0.0, 0.0, 0.0, 0.0, 0.0, 0.0, 0.0, 0.0, 0.0, 0.0]
market G mean tp,fp,tn,fn:    [75.4, 33.8, 866.2, 24.6]
market G std tp,fp,tn,fn:     [4.27, 9.37, 9.37, 4.27]


name_of_experiment:         experiment 14_4: test=cuhk02, train=[viper, prid450, grid, market], with batchnorm, neural_d=concatenate
file_name:                  siamese_cnn_image.pyc
date:                       18/08/2017   12:40:20
duration:                   58491.858847
cuhk02 mean tp,fp,tn,fn:    [80.05, 693.85, 9206.15, 19.95]
cuhk02 std tp,fp,tn,fn:     [4.88, 139.15, 139.15, 4.88]
cuhk02 detection rate (TP/(TP+FN)):      0.8005
cuhk02 false alarm (FP/(FP+TN)):        0.0700858585859
cuhk02 mean ranking:        [0.37, 0.52, 0.61, 0.67, 0.72, 0.76, 0.78, 0.8, 0.82, 0.84, 0.85, 0.86, 0.88, 0.89, 0.9, 0.91, 0.92, 0.93, 0.93, 0.94, 0.94, 0.95, 0.95, 0.95, 0.96, 0.96, 0.96, 0.96, 0.97, 0.97, 0.97, 0.97, 0.97, 0.97, 0.98, 0.98, 0.98, 0.98, 0.98, 0.98, 0.98, 0.98, 0.99, 0.99, 0.99, 0.99, 0.99, 0.99, 0.99, 0.99, 0.99, 0.99, 0.99, 0.99, 0.99, 1.0, 1.0, 1.0, 1.0, 1.0, 1.0, 1.0, 1.0, 1.0, 1.0, 1.0, 1.0, 1.0, 1.0, 1.0, 1.0, 1.0, 1.0, 1.0, 1.0, 1.0, 1.0, 1.0, 1.0, 1.0, 1.0, 1.0, 1.0, 1.0, 1.0, 1.0, 1.0, 1.0, 1.0, 1.0, 1.0, 1.0, 1.0, 1.0, 1.0, 1.0, 1.0, 1.0, 1.0, 1.0]
cuhk02 std ranking:         [0.04, 0.04, 0.04, 0.04, 0.04, 0.03, 0.03, 0.03, 0.03, 0.03, 0.03, 0.03, 0.03, 0.03, 0.03, 0.03, 0.03, 0.03, 0.03, 0.03, 0.02, 0.02, 0.02, 0.02, 0.02, 0.02, 0.02, 0.02, 0.02, 0.02, 0.02, 0.02, 0.02, 0.02, 0.02, 0.02, 0.02, 0.02, 0.02, 0.02, 0.02, 0.01, 0.01, 0.01, 0.01, 0.01, 0.01, 0.01, 0.01, 0.01, 0.01, 0.01, 0.01, 0.01, 0.01, 0.01, 0.01, 0.01, 0.01, 0.01, 0.01, 0.0, 0.0, 0.0, 0.0, 0.0, 0.0, 0.0, 0.0, 0.0, 0.0, 0.0, 0.0, 0.0, 0.0, 0.0, 0.0, 0.0, 0.0, 0.0, 0.0, 0.0, 0.0, 0.0, 0.0, 0.0, 0.0, 0.0, 0.0, 0.0, 0.0, 0.0, 0.0, 0.0, 0.0, 0.0, 0.0, 0.0, 0.0, 0.0]
cuhk02 G mean tp,fp,tn,fn:    [80.05, 55.4, 844.6, 19.95]
cuhk02 G std tp,fp,tn,fn:     [4.88, 14.53, 14.53, 4.88]