name_of_experiment:         experiment 15_0_0: priming on viper. epoch=5. CLR w same min max vals
file_name:                  experiments_thesis.py
date:                       17/08/2017   17:49:53
duration:                   4306.947507
viper base mean tp,fp,tn,fn:    [59.65, 2184.25, 7715.75, 40.35]
viper base std tp,fp,tn,fn:     [9.56, 605.91, 605.91, 9.56]
viper base detection rate (TP/(TP+FN)):      0.5965
viper base false alarm (FP/(FP+TN)):        0.220631313131
viper base mean ranking:        [0.07, 0.12, 0.18, 0.22, 0.25, 0.28, 0.31, 0.34, 0.37, 0.4, 0.43, 0.45, 0.47, 0.49, 0.51, 0.53, 0.55, 0.57, 0.58, 0.6, 0.62, 0.63, 0.64, 0.66, 0.67, 0.68, 0.69, 0.7, 0.72, 0.73, 0.74, 0.75, 0.76, 0.77, 0.77, 0.78, 0.79, 0.8, 0.81, 0.82, 0.83, 0.83, 0.84, 0.85, 0.86, 0.86, 0.86, 0.87, 0.88, 0.89, 0.89, 0.89, 0.9, 0.9, 0.91, 0.91, 0.91, 0.92, 0.92, 0.93, 0.93, 0.94, 0.94, 0.94, 0.95, 0.95, 0.95, 0.95, 0.96, 0.96, 0.96, 0.96, 0.97, 0.97, 0.97, 0.98, 0.98, 0.98, 0.98, 0.98, 0.98, 0.99, 0.99, 0.99, 0.99, 0.99, 0.99, 0.99, 0.99, 0.99, 0.99, 0.99, 0.99, 0.99, 1.0, 1.0, 1.0, 1.0, 1.0, 1.0]
viper base std ranking:         [0.03, 0.05, 0.06, 0.07, 0.07, 0.07, 0.07, 0.08, 0.09, 0.09, 0.09, 0.09, 0.09, 0.09, 0.09, 0.09, 0.09, 0.09, 0.1, 0.09, 0.09, 0.09, 0.09, 0.09, 0.09, 0.09, 0.09, 0.09, 0.08, 0.09, 0.09, 0.08, 0.08, 0.08, 0.08, 0.08, 0.07, 0.07, 0.07, 0.07, 0.07, 0.07, 0.07, 0.07, 0.07, 0.07, 0.07, 0.06, 0.06, 0.06, 0.06, 0.06, 0.06, 0.06, 0.06, 0.06, 0.05, 0.05, 0.05, 0.05, 0.04, 0.04, 0.04, 0.04, 0.04, 0.04, 0.04, 0.03, 0.03, 0.03, 0.03, 0.03, 0.03, 0.03, 0.02, 0.02, 0.02, 0.02, 0.02, 0.02, 0.02, 0.02, 0.02, 0.02, 0.01, 0.01, 0.02, 0.01, 0.01, 0.01, 0.01, 0.01, 0.01, 0.01, 0.01, 0.01, 0.01, 0.0, 0.0, 0.0]
viper primed mean tp,fp,tn,fn:    [57.05, 5052.05, 4847.95, 42.95]
viper primed std tp,fp,tn,fn:     [11.53, 658.54, 658.54, 11.53]
viper primed detection rate (TP/(TP+FN)):      0.5705
viper primed false alarm (FP/(FP+TN)):        0.510308080808
viper primed mean ranking:        [0.02, 0.03, 0.04, 0.06, 0.07, 0.08, 0.1, 0.1, 0.11, 0.12, 0.14, 0.15, 0.17, 0.18, 0.2, 0.21, 0.22, 0.23, 0.24, 0.25, 0.26, 0.27, 0.28, 0.3, 0.31, 0.32, 0.33, 0.34, 0.35, 0.36, 0.37, 0.38, 0.39, 0.4, 0.41, 0.42, 0.43, 0.44, 0.45, 0.46, 0.48, 0.49, 0.5, 0.51, 0.52, 0.53, 0.54, 0.55, 0.55, 0.56, 0.57, 0.59, 0.59, 0.6, 0.61, 0.62, 0.63, 0.64, 0.65, 0.66, 0.67, 0.68, 0.69, 0.7, 0.7, 0.71, 0.72, 0.73, 0.74, 0.75, 0.76, 0.77, 0.78, 0.79, 0.8, 0.81, 0.82, 0.83, 0.83, 0.84, 0.85, 0.86, 0.86, 0.87, 0.88, 0.89, 0.89, 0.9, 0.91, 0.92, 0.93, 0.94, 0.94, 0.95, 0.96, 0.97, 0.97, 0.98, 0.99, 1.0]
viper primed std ranking:         [0.02, 0.02, 0.02, 0.03, 0.03, 0.03, 0.03, 0.04, 0.04, 0.05, 0.05, 0.06, 0.07, 0.07, 0.07, 0.07, 0.07, 0.07, 0.08, 0.08, 0.07, 0.07, 0.08, 0.08, 0.08, 0.09, 0.09, 0.09, 0.1, 0.09, 0.09, 0.09, 0.09, 0.1, 0.1, 0.11, 0.1, 0.1, 0.11, 0.11, 0.11, 0.11, 0.11, 0.11, 0.11, 0.11, 0.11, 0.11, 0.11, 0.11, 0.11, 0.11, 0.11, 0.1, 0.11, 0.11, 0.1, 0.1, 0.1, 0.1, 0.1, 0.09, 0.09, 0.09, 0.09, 0.09, 0.08, 0.09, 0.08, 0.08, 0.08, 0.08, 0.08, 0.08, 0.07, 0.07, 0.07, 0.07, 0.07, 0.07, 0.06, 0.06, 0.06, 0.06, 0.05, 0.05, 0.05, 0.05, 0.04, 0.04, 0.03, 0.03, 0.03, 0.02, 0.02, 0.02, 0.01, 0.02, 0.01, 0.0]


name_of_experiment:         experiment 15_0_1: priming on grid. epoch=5. CLR w same min max vals
file_name:                  experiments_thesis.py
date:                       17/08/2017   17:12:06
duration:                   2036.417099
grid base mean tp,fp,tn,fn:    [71.2, 1803.4, 8096.6, 28.8]
grid base std tp,fp,tn,fn:     [7.62, 195.03, 195.03, 7.62]
grid base detection rate (TP/(TP+FN)):      0.712
grid base false alarm (FP/(FP+TN)):        0.182161616162
grid base mean ranking:        [0.11, 0.19, 0.25, 0.31, 0.36, 0.4, 0.44, 0.48, 0.51, 0.54, 0.57, 0.6, 0.63, 0.64, 0.66, 0.69, 0.7, 0.71, 0.72, 0.74, 0.75, 0.76, 0.77, 0.78, 0.8, 0.81, 0.82, 0.83, 0.83, 0.84, 0.85, 0.85, 0.86, 0.87, 0.87, 0.88, 0.88, 0.89, 0.9, 0.9, 0.91, 0.91, 0.92, 0.92, 0.92, 0.92, 0.93, 0.94, 0.94, 0.94, 0.95, 0.95, 0.95, 0.96, 0.96, 0.96, 0.96, 0.97, 0.97, 0.97, 0.97, 0.97, 0.97, 0.97, 0.98, 0.98, 0.98, 0.98, 0.98, 0.98, 0.98, 0.99, 0.99, 0.99, 0.99, 0.99, 0.99, 0.99, 0.99, 1.0, 1.0, 1.0, 1.0, 1.0, 1.0, 1.0, 1.0, 1.0, 1.0, 1.0, 1.0, 1.0, 1.0, 1.0, 1.0, 1.0, 1.0, 1.0, 1.0, 1.0]
grid base std ranking:         [0.04, 0.05, 0.04, 0.04, 0.04, 0.04, 0.05, 0.06, 0.06, 0.06, 0.06, 0.06, 0.06, 0.06, 0.07, 0.07, 0.06, 0.06, 0.06, 0.06, 0.06, 0.06, 0.06, 0.06, 0.06, 0.05, 0.05, 0.05, 0.05, 0.04, 0.05, 0.05, 0.04, 0.04, 0.04, 0.04, 0.03, 0.03, 0.03, 0.03, 0.03, 0.03, 0.03, 0.03, 0.03, 0.03, 0.03, 0.02, 0.02, 0.02, 0.02, 0.02, 0.02, 0.02, 0.02, 0.02, 0.02, 0.02, 0.02, 0.02, 0.01, 0.01, 0.01, 0.01, 0.01, 0.01, 0.01, 0.01, 0.01, 0.01, 0.01, 0.01, 0.01, 0.01, 0.01, 0.01, 0.01, 0.01, 0.01, 0.01, 0.01, 0.01, 0.0, 0.0, 0.0, 0.0, 0.0, 0.0, 0.0, 0.0, 0.0, 0.0, 0.0, 0.0, 0.0, 0.0, 0.0, 0.0, 0.0, 0.0]
grid primed mean tp,fp,tn,fn:    [68.75, 4711.45, 5188.55, 31.25]
grid primed std tp,fp,tn,fn:     [5.37, 357.49, 357.49, 5.37]
grid primed detection rate (TP/(TP+FN)):      0.6875
grid primed false alarm (FP/(FP+TN)):        0.475904040404
grid primed mean ranking:        [0.03, 0.06, 0.08, 0.1, 0.13, 0.15, 0.18, 0.2, 0.23, 0.24, 0.26, 0.28, 0.29, 0.3, 0.32, 0.34, 0.35, 0.36, 0.37, 0.39, 0.4, 0.42, 0.43, 0.44, 0.46, 0.47, 0.48, 0.49, 0.5, 0.51, 0.53, 0.54, 0.55, 0.56, 0.57, 0.58, 0.59, 0.59, 0.6, 0.61, 0.62, 0.63, 0.64, 0.66, 0.66, 0.67, 0.69, 0.69, 0.7, 0.71, 0.72, 0.73, 0.74, 0.75, 0.76, 0.77, 0.78, 0.79, 0.79, 0.8, 0.81, 0.81, 0.82, 0.83, 0.84, 0.85, 0.85, 0.86, 0.86, 0.86, 0.87, 0.88, 0.88, 0.88, 0.89, 0.9, 0.91, 0.91, 0.91, 0.92, 0.93, 0.93, 0.94, 0.94, 0.94, 0.95, 0.95, 0.96, 0.96, 0.97, 0.97, 0.97, 0.98, 0.98, 0.99, 0.99, 0.99, 0.99, 1.0, 1.0]
grid primed std ranking:         [0.02, 0.02, 0.03, 0.04, 0.05, 0.05, 0.05, 0.05, 0.05, 0.05, 0.06, 0.06, 0.07, 0.07, 0.07, 0.07, 0.08, 0.08, 0.08, 0.08, 0.08, 0.08, 0.08, 0.07, 0.07, 0.07, 0.07, 0.07, 0.08, 0.08, 0.08, 0.08, 0.08, 0.08, 0.08, 0.08, 0.08, 0.08, 0.08, 0.08, 0.08, 0.07, 0.07, 0.07, 0.07, 0.07, 0.07, 0.07, 0.06, 0.06, 0.06, 0.06, 0.06, 0.06, 0.06, 0.06, 0.06, 0.05, 0.06, 0.06, 0.06, 0.06, 0.06, 0.06, 0.06, 0.05, 0.05, 0.05, 0.05, 0.05, 0.05, 0.05, 0.05, 0.04, 0.04, 0.04, 0.04, 0.03, 0.03, 0.03, 0.03, 0.02, 0.02, 0.02, 0.02, 0.02, 0.02, 0.02, 0.02, 0.02, 0.02, 0.01, 0.01, 0.01, 0.01, 0.01, 0.01, 0.01, 0.0, 0.0]


name_of_experiment:         experiment 15_0_2: priming on prid450. epoch=5. CLR w same min max vals
file_name:                  experiments_thesis.py
date:                       17/08/2017   17:33:10
duration:                   3297.590620
prid450 base mean tp,fp,tn,fn:    [69.45, 2211.9, 7688.1, 30.55]
prid450 base std tp,fp,tn,fn:     [10.67, 466.19, 466.19, 10.67]
prid450 base detection rate (TP/(TP+FN)):      0.6945
prid450 base false alarm (FP/(FP+TN)):        0.223424242424
prid450 base mean ranking:        [0.1, 0.16, 0.22, 0.27, 0.3, 0.35, 0.38, 0.41, 0.43, 0.46, 0.48, 0.5, 0.52, 0.54, 0.56, 0.58, 0.6, 0.61, 0.63, 0.65, 0.66, 0.68, 0.69, 0.7, 0.71, 0.73, 0.74, 0.75, 0.76, 0.78, 0.79, 0.8, 0.81, 0.81, 0.82, 0.83, 0.84, 0.85, 0.86, 0.87, 0.87, 0.88, 0.89, 0.89, 0.9, 0.91, 0.91, 0.92, 0.92, 0.93, 0.93, 0.94, 0.95, 0.95, 0.95, 0.95, 0.96, 0.96, 0.97, 0.97, 0.97, 0.97, 0.98, 0.98, 0.98, 0.98, 0.98, 0.99, 0.99, 0.99, 0.99, 0.99, 0.99, 0.99, 0.99, 1.0, 1.0, 1.0, 1.0, 1.0, 1.0, 1.0, 1.0, 1.0, 1.0, 1.0, 1.0, 1.0, 1.0, 1.0, 1.0, 1.0, 1.0, 1.0, 1.0, 1.0, 1.0, 1.0, 1.0, 1.0]
prid450 base std ranking:         [0.03, 0.04, 0.05, 0.05, 0.05, 0.06, 0.06, 0.07, 0.07, 0.07, 0.07, 0.07, 0.07, 0.07, 0.07, 0.07, 0.07, 0.07, 0.07, 0.07, 0.06, 0.05, 0.05, 0.05, 0.05, 0.05, 0.05, 0.05, 0.05, 0.05, 0.05, 0.05, 0.05, 0.05, 0.04, 0.04, 0.04, 0.05, 0.05, 0.05, 0.04, 0.04, 0.04, 0.04, 0.04, 0.03, 0.03, 0.03, 0.03, 0.03, 0.03, 0.03, 0.03, 0.03, 0.02, 0.02, 0.02, 0.02, 0.02, 0.02, 0.02, 0.02, 0.01, 0.02, 0.02, 0.02, 0.02, 0.01, 0.01, 0.01, 0.01, 0.01, 0.01, 0.01, 0.01, 0.01, 0.01, 0.01, 0.01, 0.0, 0.0, 0.0, 0.0, 0.0, 0.0, 0.0, 0.0, 0.0, 0.0, 0.0, 0.0, 0.0, 0.0, 0.0, 0.0, 0.0, 0.0, 0.0, 0.0, 0.0]
prid450 primed mean tp,fp,tn,fn:    [47.95, 5167.65, 4732.35, 52.05]
prid450 primed std tp,fp,tn,fn:     [14.69, 384.88, 384.88, 14.69]
prid450 primed detection rate (TP/(TP+FN)):      0.4795
prid450 primed false alarm (FP/(FP+TN)):        0.521984848485
prid450 primed mean ranking:        [0.02, 0.03, 0.05, 0.06, 0.07, 0.08, 0.09, 0.1, 0.1, 0.11, 0.12, 0.13, 0.14, 0.15, 0.16, 0.17, 0.18, 0.18, 0.2, 0.21, 0.21, 0.22, 0.23, 0.24, 0.25, 0.26, 0.26, 0.27, 0.28, 0.29, 0.29, 0.3, 0.3, 0.31, 0.32, 0.32, 0.33, 0.34, 0.34, 0.35, 0.36, 0.37, 0.38, 0.39, 0.4, 0.41, 0.42, 0.43, 0.44, 0.45, 0.47, 0.48, 0.49, 0.5, 0.51, 0.52, 0.53, 0.54, 0.56, 0.57, 0.58, 0.6, 0.61, 0.62, 0.63, 0.64, 0.65, 0.67, 0.68, 0.69, 0.7, 0.72, 0.73, 0.74, 0.76, 0.77, 0.78, 0.78, 0.8, 0.81, 0.82, 0.83, 0.84, 0.85, 0.87, 0.88, 0.89, 0.9, 0.91, 0.92, 0.93, 0.94, 0.95, 0.96, 0.97, 0.98, 0.98, 0.99, 0.99, 1.0]
prid450 primed std ranking:         [0.01, 0.02, 0.03, 0.04, 0.04, 0.05, 0.05, 0.05, 0.05, 0.06, 0.06, 0.06, 0.07, 0.07, 0.07, 0.08, 0.08, 0.08, 0.09, 0.09, 0.09, 0.09, 0.1, 0.1, 0.11, 0.11, 0.11, 0.11, 0.11, 0.12, 0.12, 0.12, 0.12, 0.12, 0.13, 0.13, 0.13, 0.13, 0.13, 0.13, 0.13, 0.13, 0.13, 0.13, 0.13, 0.13, 0.14, 0.13, 0.13, 0.14, 0.14, 0.14, 0.13, 0.13, 0.13, 0.13, 0.12, 0.12, 0.12, 0.11, 0.12, 0.11, 0.11, 0.1, 0.1, 0.09, 0.09, 0.09, 0.08, 0.08, 0.08, 0.08, 0.07, 0.07, 0.07, 0.07, 0.06, 0.06, 0.06, 0.06, 0.05, 0.05, 0.05, 0.05, 0.05, 0.05, 0.05, 0.04, 0.04, 0.04, 0.04, 0.03, 0.02, 0.02, 0.02, 0.02, 0.01, 0.01, 0.01, 0.0]


