name_of_experiment:         experiment 15_1_0: priming on viper. epoch=10. CLR w same min max vals
file_name:                  experiments_thesis.py
date:                       17/08/2017   19:06:22
duration:                   4582.335780
viper base mean tp,fp,tn,fn:    [53.7, 1952.35, 7947.65, 46.3]
viper base std tp,fp,tn,fn:     [12.19, 543.23, 543.23, 12.19]
viper base detection rate (TP/(TP+FN)):      0.537
viper base false alarm (FP/(FP+TN)):        0.197207070707
viper base mean ranking:        [0.06, 0.12, 0.17, 0.21, 0.24, 0.28, 0.31, 0.34, 0.37, 0.39, 0.4, 0.43, 0.45, 0.47, 0.49, 0.51, 0.52, 0.53, 0.55, 0.56, 0.58, 0.59, 0.6, 0.61, 0.63, 0.64, 0.65, 0.66, 0.67, 0.68, 0.7, 0.71, 0.71, 0.73, 0.74, 0.75, 0.76, 0.77, 0.78, 0.78, 0.79, 0.8, 0.8, 0.81, 0.82, 0.82, 0.83, 0.84, 0.84, 0.85, 0.86, 0.86, 0.87, 0.87, 0.88, 0.88, 0.89, 0.89, 0.9, 0.91, 0.91, 0.91, 0.92, 0.92, 0.92, 0.93, 0.93, 0.94, 0.94, 0.94, 0.94, 0.95, 0.95, 0.95, 0.96, 0.96, 0.96, 0.96, 0.97, 0.97, 0.97, 0.97, 0.98, 0.98, 0.98, 0.98, 0.98, 0.98, 0.99, 0.99, 0.99, 0.99, 0.99, 0.99, 0.99, 1.0, 1.0, 1.0, 1.0, 1.0]
viper base std ranking:         [0.03, 0.04, 0.05, 0.05, 0.06, 0.07, 0.09, 0.09, 0.1, 0.11, 0.11, 0.12, 0.12, 0.12, 0.12, 0.12, 0.12, 0.12, 0.12, 0.13, 0.13, 0.13, 0.14, 0.14, 0.14, 0.14, 0.14, 0.14, 0.14, 0.14, 0.14, 0.14, 0.14, 0.14, 0.14, 0.14, 0.14, 0.14, 0.13, 0.13, 0.13, 0.13, 0.13, 0.13, 0.12, 0.12, 0.12, 0.12, 0.11, 0.11, 0.11, 0.11, 0.1, 0.1, 0.1, 0.1, 0.1, 0.1, 0.1, 0.09, 0.09, 0.09, 0.08, 0.08, 0.08, 0.07, 0.07, 0.07, 0.06, 0.06, 0.06, 0.06, 0.05, 0.05, 0.05, 0.05, 0.05, 0.05, 0.04, 0.04, 0.04, 0.03, 0.03, 0.03, 0.03, 0.03, 0.03, 0.02, 0.02, 0.02, 0.02, 0.02, 0.01, 0.01, 0.01, 0.01, 0.0, 0.0, 0.0, 0.0]
viper primed mean tp,fp,tn,fn:    [62.65, 5734.25, 4165.75, 37.35]
viper primed std tp,fp,tn,fn:     [8.27, 511.61, 511.61, 8.27]
viper primed detection rate (TP/(TP+FN)):      0.6265
viper primed false alarm (FP/(FP+TN)):        0.579217171717
viper primed mean ranking:        [0.02, 0.04, 0.05, 0.07, 0.08, 0.09, 0.1, 0.12, 0.14, 0.15, 0.17, 0.18, 0.19, 0.2, 0.21, 0.22, 0.24, 0.25, 0.26, 0.28, 0.29, 0.3, 0.31, 0.32, 0.33, 0.34, 0.35, 0.36, 0.36, 0.37, 0.39, 0.39, 0.41, 0.42, 0.42, 0.43, 0.44, 0.45, 0.46, 0.47, 0.48, 0.49, 0.49, 0.51, 0.52, 0.52, 0.53, 0.54, 0.55, 0.56, 0.56, 0.57, 0.58, 0.59, 0.6, 0.61, 0.61, 0.63, 0.63, 0.64, 0.65, 0.66, 0.67, 0.68, 0.68, 0.69, 0.7, 0.72, 0.73, 0.73, 0.74, 0.76, 0.76, 0.77, 0.78, 0.79, 0.8, 0.81, 0.82, 0.82, 0.83, 0.84, 0.85, 0.86, 0.87, 0.88, 0.89, 0.89, 0.9, 0.91, 0.92, 0.93, 0.94, 0.94, 0.95, 0.96, 0.97, 0.98, 0.99, 1.0]
viper primed std ranking:         [0.01, 0.02, 0.01, 0.02, 0.02, 0.02, 0.03, 0.03, 0.03, 0.03, 0.03, 0.03, 0.03, 0.04, 0.04, 0.04, 0.04, 0.04, 0.04, 0.04, 0.04, 0.04, 0.04, 0.04, 0.05, 0.05, 0.05, 0.05, 0.05, 0.05, 0.05, 0.05, 0.05, 0.05, 0.05, 0.05, 0.05, 0.05, 0.05, 0.05, 0.05, 0.05, 0.05, 0.05, 0.06, 0.06, 0.06, 0.05, 0.05, 0.05, 0.05, 0.05, 0.05, 0.05, 0.04, 0.04, 0.04, 0.05, 0.05, 0.05, 0.05, 0.05, 0.05, 0.05, 0.05, 0.05, 0.05, 0.04, 0.04, 0.04, 0.03, 0.04, 0.04, 0.04, 0.04, 0.04, 0.04, 0.04, 0.04, 0.04, 0.04, 0.04, 0.04, 0.04, 0.04, 0.04, 0.04, 0.04, 0.03, 0.03, 0.03, 0.03, 0.03, 0.02, 0.02, 0.02, 0.02, 0.01, 0.01, 0.0]


name_of_experiment:         experiment 15_1_1: priming on grid. epoch=10. CLR w same min max vals
file_name:                  experiments_thesis.py
date:                       17/08/2017   17:50:00
duration:                   2268.115230
grid base mean tp,fp,tn,fn:    [71.8, 1803.35, 8096.65, 28.2]
grid base std tp,fp,tn,fn:     [7.1, 251.61, 251.61, 7.1]
grid base detection rate (TP/(TP+FN)):      0.718
grid base false alarm (FP/(FP+TN)):        0.182156565657
grid base mean ranking:        [0.11, 0.18, 0.25, 0.31, 0.36, 0.41, 0.46, 0.5, 0.53, 0.55, 0.59, 0.61, 0.63, 0.65, 0.66, 0.68, 0.7, 0.72, 0.74, 0.75, 0.77, 0.78, 0.79, 0.8, 0.81, 0.82, 0.82, 0.83, 0.84, 0.85, 0.85, 0.86, 0.87, 0.87, 0.88, 0.88, 0.88, 0.89, 0.89, 0.9, 0.9, 0.9, 0.91, 0.92, 0.92, 0.92, 0.93, 0.93, 0.93, 0.94, 0.94, 0.94, 0.94, 0.95, 0.95, 0.95, 0.95, 0.96, 0.96, 0.96, 0.97, 0.97, 0.97, 0.97, 0.97, 0.98, 0.98, 0.98, 0.98, 0.98, 0.98, 0.98, 0.98, 0.99, 0.99, 0.99, 0.99, 0.99, 0.99, 0.99, 0.99, 0.99, 0.99, 0.99, 1.0, 1.0, 1.0, 1.0, 1.0, 1.0, 1.0, 1.0, 1.0, 1.0, 1.0, 1.0, 1.0, 1.0, 1.0, 1.0]
grid base std ranking:         [0.03, 0.05, 0.05, 0.06, 0.06, 0.06, 0.07, 0.07, 0.07, 0.07, 0.07, 0.08, 0.08, 0.08, 0.07, 0.07, 0.07, 0.07, 0.06, 0.06, 0.06, 0.06, 0.06, 0.06, 0.05, 0.05, 0.05, 0.05, 0.05, 0.05, 0.05, 0.05, 0.05, 0.05, 0.05, 0.05, 0.04, 0.04, 0.04, 0.04, 0.04, 0.04, 0.03, 0.03, 0.03, 0.03, 0.03, 0.02, 0.02, 0.02, 0.02, 0.02, 0.02, 0.02, 0.02, 0.02, 0.02, 0.02, 0.02, 0.02, 0.02, 0.01, 0.02, 0.02, 0.01, 0.01, 0.01, 0.01, 0.01, 0.01, 0.01, 0.01, 0.01, 0.01, 0.01, 0.01, 0.01, 0.01, 0.01, 0.01, 0.01, 0.01, 0.01, 0.01, 0.01, 0.01, 0.01, 0.01, 0.01, 0.0, 0.0, 0.0, 0.0, 0.0, 0.0, 0.0, 0.0, 0.0, 0.0, 0.0]
grid primed mean tp,fp,tn,fn:    [65.25, 5149.8, 4750.2, 34.75]
grid primed std tp,fp,tn,fn:     [7.37, 287.28, 287.28, 7.37]
grid primed detection rate (TP/(TP+FN)):      0.6525
grid primed false alarm (FP/(FP+TN)):        0.520181818182
grid primed mean ranking:        [0.03, 0.04, 0.06, 0.08, 0.1, 0.12, 0.13, 0.15, 0.17, 0.18, 0.2, 0.21, 0.22, 0.24, 0.25, 0.26, 0.28, 0.29, 0.3, 0.31, 0.33, 0.34, 0.35, 0.36, 0.37, 0.39, 0.4, 0.41, 0.43, 0.44, 0.45, 0.46, 0.47, 0.48, 0.48, 0.49, 0.5, 0.51, 0.52, 0.53, 0.54, 0.55, 0.56, 0.57, 0.58, 0.6, 0.6, 0.61, 0.63, 0.64, 0.65, 0.65, 0.66, 0.67, 0.67, 0.68, 0.69, 0.7, 0.71, 0.71, 0.72, 0.73, 0.74, 0.74, 0.75, 0.76, 0.77, 0.78, 0.79, 0.8, 0.8, 0.81, 0.82, 0.83, 0.84, 0.84, 0.85, 0.86, 0.87, 0.87, 0.88, 0.88, 0.89, 0.89, 0.9, 0.9, 0.91, 0.92, 0.93, 0.93, 0.94, 0.95, 0.95, 0.96, 0.96, 0.97, 0.97, 0.98, 0.99, 1.0]
grid primed std ranking:         [0.02, 0.02, 0.02, 0.03, 0.04, 0.05, 0.05, 0.05, 0.05, 0.05, 0.05, 0.06, 0.06, 0.06, 0.05, 0.06, 0.06, 0.07, 0.07, 0.07, 0.07, 0.07, 0.07, 0.07, 0.07, 0.07, 0.07, 0.08, 0.08, 0.07, 0.07, 0.07, 0.06, 0.06, 0.06, 0.06, 0.06, 0.06, 0.06, 0.06, 0.06, 0.06, 0.06, 0.06, 0.06, 0.07, 0.07, 0.07, 0.07, 0.07, 0.07, 0.06, 0.07, 0.07, 0.07, 0.07, 0.07, 0.07, 0.07, 0.07, 0.07, 0.07, 0.07, 0.07, 0.07, 0.07, 0.07, 0.06, 0.06, 0.06, 0.05, 0.06, 0.05, 0.05, 0.05, 0.05, 0.04, 0.04, 0.04, 0.04, 0.04, 0.04, 0.03, 0.03, 0.03, 0.03, 0.03, 0.03, 0.03, 0.03, 0.03, 0.03, 0.03, 0.02, 0.02, 0.02, 0.02, 0.01, 0.01, 0.0]


name_of_experiment:         experiment 15_1_2: priming on prid450. epoch=10. CLR w same min max vals
file_name:                  experiments_thesis.py
date:                       17/08/2017   18:32:07
duration:                   3529.927716
prid450 base mean tp,fp,tn,fn:    [58.8, 1974.35, 7925.65, 41.2]
prid450 base std tp,fp,tn,fn:     [13.24, 467.9, 467.9, 13.24]
prid450 base detection rate (TP/(TP+FN)):      0.588
prid450 base false alarm (FP/(FP+TN)):        0.199429292929
prid450 base mean ranking:        [0.08, 0.14, 0.19, 0.23, 0.26, 0.29, 0.32, 0.35, 0.37, 0.4, 0.42, 0.45, 0.47, 0.5, 0.51, 0.52, 0.54, 0.56, 0.58, 0.6, 0.61, 0.63, 0.65, 0.66, 0.68, 0.7, 0.71, 0.72, 0.73, 0.74, 0.76, 0.77, 0.78, 0.79, 0.8, 0.81, 0.82, 0.83, 0.84, 0.85, 0.86, 0.87, 0.87, 0.88, 0.88, 0.89, 0.9, 0.91, 0.91, 0.91, 0.92, 0.92, 0.92, 0.93, 0.93, 0.93, 0.94, 0.94, 0.94, 0.95, 0.95, 0.95, 0.96, 0.96, 0.97, 0.97, 0.97, 0.97, 0.98, 0.98, 0.98, 0.98, 0.98, 0.99, 0.99, 0.99, 0.99, 0.99, 0.99, 0.99, 0.99, 0.99, 0.99, 1.0, 1.0, 1.0, 1.0, 1.0, 1.0, 1.0, 1.0, 1.0, 1.0, 1.0, 1.0, 1.0, 1.0, 1.0, 1.0, 1.0]
prid450 base std ranking:         [0.04, 0.05, 0.06, 0.06, 0.07, 0.07, 0.08, 0.07, 0.08, 0.08, 0.09, 0.09, 0.09, 0.1, 0.09, 0.09, 0.09, 0.1, 0.1, 0.09, 0.09, 0.09, 0.09, 0.09, 0.08, 0.09, 0.08, 0.08, 0.07, 0.07, 0.06, 0.07, 0.07, 0.07, 0.07, 0.06, 0.06, 0.06, 0.06, 0.06, 0.06, 0.05, 0.05, 0.05, 0.05, 0.05, 0.04, 0.04, 0.04, 0.04, 0.04, 0.03, 0.03, 0.04, 0.03, 0.03, 0.03, 0.03, 0.03, 0.03, 0.02, 0.02, 0.02, 0.02, 0.02, 0.02, 0.02, 0.02, 0.02, 0.02, 0.02, 0.02, 0.02, 0.02, 0.02, 0.02, 0.01, 0.01, 0.01, 0.01, 0.01, 0.01, 0.01, 0.01, 0.01, 0.0, 0.0, 0.0, 0.0, 0.0, 0.0, 0.0, 0.0, 0.0, 0.0, 0.0, 0.0, 0.0, 0.0, 0.0]
prid450 primed mean tp,fp,tn,fn:    [50.45, 5402.25, 4497.75, 49.55]
prid450 primed std tp,fp,tn,fn:     [9.85, 529.24, 529.24, 9.85]
prid450 primed detection rate (TP/(TP+FN)):      0.5045
prid450 primed false alarm (FP/(FP+TN)):        0.545681818182
prid450 primed mean ranking:        [0.02, 0.03, 0.04, 0.05, 0.07, 0.08, 0.09, 0.1, 0.11, 0.12, 0.13, 0.14, 0.16, 0.17, 0.17, 0.18, 0.2, 0.2, 0.21, 0.22, 0.23, 0.23, 0.24, 0.25, 0.26, 0.26, 0.27, 0.28, 0.29, 0.29, 0.3, 0.31, 0.32, 0.33, 0.33, 0.34, 0.35, 0.36, 0.36, 0.37, 0.37, 0.38, 0.39, 0.4, 0.4, 0.42, 0.43, 0.44, 0.45, 0.46, 0.47, 0.48, 0.5, 0.51, 0.52, 0.52, 0.54, 0.55, 0.56, 0.57, 0.58, 0.59, 0.61, 0.62, 0.64, 0.64, 0.65, 0.66, 0.67, 0.68, 0.69, 0.7, 0.71, 0.72, 0.73, 0.75, 0.76, 0.77, 0.77, 0.78, 0.8, 0.81, 0.82, 0.84, 0.85, 0.86, 0.87, 0.88, 0.89, 0.91, 0.92, 0.93, 0.94, 0.95, 0.96, 0.97, 0.98, 0.98, 0.99, 1.0]
prid450 primed std ranking:         [0.01, 0.02, 0.02, 0.02, 0.03, 0.03, 0.03, 0.04, 0.04, 0.04, 0.05, 0.05, 0.06, 0.06, 0.06, 0.06, 0.07, 0.07, 0.07, 0.07, 0.07, 0.07, 0.07, 0.08, 0.08, 0.07, 0.08, 0.08, 0.08, 0.08, 0.09, 0.09, 0.09, 0.09, 0.09, 0.09, 0.09, 0.09, 0.09, 0.09, 0.09, 0.09, 0.09, 0.09, 0.09, 0.09, 0.1, 0.1, 0.1, 0.11, 0.1, 0.1, 0.1, 0.1, 0.1, 0.1, 0.09, 0.1, 0.09, 0.08, 0.08, 0.08, 0.07, 0.08, 0.08, 0.07, 0.07, 0.07, 0.07, 0.07, 0.06, 0.07, 0.07, 0.06, 0.06, 0.07, 0.07, 0.06, 0.06, 0.06, 0.05, 0.05, 0.05, 0.05, 0.05, 0.05, 0.05, 0.05, 0.05, 0.04, 0.04, 0.04, 0.03, 0.03, 0.03, 0.02, 0.02, 0.01, 0.01, 0.0]
