name_of_experiment:         experiment 15_2_0: priming on viper. epoch=5. CLR diff
file_name:                  experiments_thesis.py
date:                       17/08/2017   20:18:12
duration:                   4304.006259
viper base mean tp,fp,tn,fn:    [61.8, 2299.1, 7600.9, 38.2]
viper base std tp,fp,tn,fn:     [13.8, 607.37, 607.37, 13.8]
viper base detection rate (TP/(TP+FN)):      0.618
viper base false alarm (FP/(FP+TN)):        0.232232323232
viper base mean ranking:        [0.07, 0.13, 0.18, 0.23, 0.28, 0.3, 0.33, 0.36, 0.38, 0.41, 0.43, 0.45, 0.47, 0.49, 0.51, 0.53, 0.55, 0.56, 0.58, 0.59, 0.61, 0.62, 0.63, 0.65, 0.66, 0.67, 0.68, 0.69, 0.7, 0.71, 0.71, 0.72, 0.73, 0.74, 0.75, 0.76, 0.77, 0.78, 0.78, 0.79, 0.8, 0.81, 0.82, 0.83, 0.83, 0.84, 0.85, 0.85, 0.86, 0.87, 0.87, 0.88, 0.89, 0.89, 0.89, 0.9, 0.9, 0.91, 0.91, 0.92, 0.92, 0.93, 0.93, 0.93, 0.94, 0.94, 0.94, 0.95, 0.95, 0.96, 0.96, 0.96, 0.96, 0.96, 0.97, 0.97, 0.97, 0.97, 0.97, 0.98, 0.98, 0.98, 0.98, 0.99, 0.99, 0.99, 0.99, 0.99, 0.99, 0.99, 0.99, 0.99, 1.0, 1.0, 1.0, 1.0, 1.0, 1.0, 1.0, 1.0]
viper base std ranking:         [0.03, 0.04, 0.05, 0.06, 0.08, 0.08, 0.09, 0.1, 0.11, 0.11, 0.11, 0.11, 0.12, 0.12, 0.12, 0.12, 0.12, 0.12, 0.13, 0.12, 0.13, 0.12, 0.12, 0.12, 0.11, 0.12, 0.11, 0.11, 0.11, 0.1, 0.11, 0.11, 0.11, 0.11, 0.11, 0.11, 0.11, 0.11, 0.11, 0.1, 0.1, 0.1, 0.1, 0.09, 0.09, 0.09, 0.08, 0.08, 0.08, 0.08, 0.08, 0.08, 0.07, 0.07, 0.07, 0.07, 0.06, 0.06, 0.06, 0.05, 0.05, 0.05, 0.05, 0.05, 0.05, 0.05, 0.05, 0.04, 0.04, 0.04, 0.04, 0.04, 0.04, 0.03, 0.03, 0.03, 0.03, 0.03, 0.03, 0.03, 0.02, 0.02, 0.02, 0.02, 0.01, 0.01, 0.01, 0.01, 0.01, 0.01, 0.01, 0.01, 0.01, 0.01, 0.0, 0.0, 0.0, 0.0, 0.0, 0.0]
viper primed mean tp,fp,tn,fn:    [44.7, 2701.4, 7198.6, 55.3]
viper primed std tp,fp,tn,fn:     [12.59, 460.69, 460.69, 12.59]
viper primed detection rate (TP/(TP+FN)):      0.447
viper primed false alarm (FP/(FP+TN)):        0.272868686869
viper primed mean ranking:        [0.04, 0.08, 0.11, 0.12, 0.15, 0.16, 0.19, 0.2, 0.22, 0.24, 0.26, 0.28, 0.29, 0.31, 0.32, 0.33, 0.35, 0.36, 0.37, 0.39, 0.41, 0.42, 0.43, 0.44, 0.45, 0.47, 0.48, 0.49, 0.5, 0.51, 0.53, 0.54, 0.55, 0.56, 0.57, 0.58, 0.59, 0.6, 0.61, 0.62, 0.62, 0.63, 0.65, 0.65, 0.66, 0.67, 0.67, 0.68, 0.69, 0.7, 0.71, 0.72, 0.73, 0.74, 0.74, 0.75, 0.76, 0.78, 0.79, 0.79, 0.8, 0.81, 0.81, 0.82, 0.83, 0.83, 0.84, 0.85, 0.85, 0.86, 0.86, 0.87, 0.87, 0.88, 0.89, 0.89, 0.9, 0.91, 0.91, 0.92, 0.92, 0.93, 0.94, 0.95, 0.95, 0.96, 0.97, 0.97, 0.97, 0.98, 0.98, 0.98, 0.98, 0.99, 0.99, 0.99, 0.99, 1.0, 1.0, 1.0]
viper primed std ranking:         [0.02, 0.03, 0.05, 0.05, 0.05, 0.06, 0.07, 0.07, 0.08, 0.08, 0.09, 0.09, 0.09, 0.1, 0.1, 0.1, 0.1, 0.1, 0.11, 0.11, 0.11, 0.11, 0.11, 0.12, 0.11, 0.12, 0.12, 0.13, 0.13, 0.13, 0.13, 0.12, 0.13, 0.13, 0.12, 0.13, 0.13, 0.13, 0.12, 0.12, 0.12, 0.12, 0.12, 0.12, 0.12, 0.12, 0.12, 0.12, 0.11, 0.11, 0.11, 0.11, 0.1, 0.1, 0.1, 0.1, 0.09, 0.09, 0.09, 0.09, 0.09, 0.09, 0.09, 0.09, 0.08, 0.07, 0.08, 0.07, 0.07, 0.07, 0.07, 0.07, 0.06, 0.06, 0.06, 0.06, 0.06, 0.05, 0.05, 0.05, 0.05, 0.05, 0.04, 0.03, 0.03, 0.03, 0.03, 0.02, 0.03, 0.02, 0.02, 0.02, 0.02, 0.01, 0.01, 0.01, 0.01, 0.0, 0.0, 0.0]


name_of_experiment:         experiment 15_2_1: priming on grid. epoch=5. CLR diff
file_name:                  experiments_thesis.py
date:                       17/08/2017   18:24:02
duration:                   2035.603540
grid base mean tp,fp,tn,fn:    [72.05, 1759.65, 8140.35, 27.95]
grid base std tp,fp,tn,fn:     [7.34, 222.23, 222.23, 7.34]
grid base detection rate (TP/(TP+FN)):      0.7205
grid base false alarm (FP/(FP+TN)):        0.177742424242
grid base mean ranking:        [0.11, 0.18, 0.24, 0.31, 0.36, 0.41, 0.45, 0.49, 0.52, 0.55, 0.57, 0.59, 0.62, 0.64, 0.66, 0.68, 0.7, 0.71, 0.73, 0.75, 0.76, 0.78, 0.79, 0.8, 0.81, 0.82, 0.82, 0.83, 0.84, 0.85, 0.86, 0.87, 0.87, 0.88, 0.89, 0.89, 0.9, 0.9, 0.91, 0.91, 0.92, 0.92, 0.93, 0.93, 0.93, 0.93, 0.93, 0.94, 0.94, 0.94, 0.94, 0.95, 0.95, 0.95, 0.95, 0.95, 0.96, 0.96, 0.96, 0.96, 0.97, 0.97, 0.97, 0.97, 0.97, 0.98, 0.98, 0.98, 0.98, 0.98, 0.98, 0.98, 0.98, 0.98, 0.99, 0.99, 0.99, 0.99, 0.99, 0.99, 0.99, 0.99, 1.0, 1.0, 1.0, 1.0, 1.0, 1.0, 1.0, 1.0, 1.0, 1.0, 1.0, 1.0, 1.0, 1.0, 1.0, 1.0, 1.0, 1.0]
grid base std ranking:         [0.03, 0.04, 0.05, 0.05, 0.05, 0.04, 0.05, 0.04, 0.05, 0.05, 0.06, 0.06, 0.07, 0.07, 0.07, 0.07, 0.08, 0.08, 0.07, 0.07, 0.06, 0.06, 0.06, 0.06, 0.06, 0.06, 0.05, 0.05, 0.05, 0.05, 0.05, 0.04, 0.04, 0.04, 0.03, 0.03, 0.03, 0.03, 0.03, 0.03, 0.03, 0.02, 0.02, 0.02, 0.02, 0.02, 0.02, 0.02, 0.02, 0.02, 0.02, 0.02, 0.02, 0.02, 0.02, 0.02, 0.02, 0.02, 0.02, 0.02, 0.02, 0.01, 0.01, 0.01, 0.01, 0.01, 0.01, 0.01, 0.01, 0.01, 0.01, 0.01, 0.01, 0.01, 0.01, 0.01, 0.01, 0.01, 0.01, 0.01, 0.01, 0.01, 0.01, 0.01, 0.01, 0.0, 0.0, 0.0, 0.0, 0.0, 0.0, 0.0, 0.0, 0.0, 0.0, 0.0, 0.0, 0.0, 0.0, 0.0]
grid primed mean tp,fp,tn,fn:    [74.15, 2460.6, 7439.4, 25.85]
grid primed std tp,fp,tn,fn:     [6.24, 315.86, 315.86, 6.24]
grid primed detection rate (TP/(TP+FN)):      0.7415
grid primed false alarm (FP/(FP+TN)):        0.248545454545
grid primed mean ranking:        [0.08, 0.14, 0.19, 0.24, 0.3, 0.33, 0.37, 0.4, 0.43, 0.46, 0.49, 0.52, 0.54, 0.56, 0.58, 0.6, 0.62, 0.63, 0.65, 0.67, 0.69, 0.7, 0.72, 0.73, 0.74, 0.76, 0.77, 0.78, 0.79, 0.8, 0.81, 0.81, 0.82, 0.83, 0.84, 0.84, 0.85, 0.86, 0.86, 0.87, 0.87, 0.88, 0.88, 0.89, 0.9, 0.9, 0.91, 0.91, 0.91, 0.91, 0.92, 0.92, 0.93, 0.93, 0.93, 0.94, 0.94, 0.94, 0.95, 0.95, 0.95, 0.95, 0.96, 0.96, 0.96, 0.97, 0.97, 0.97, 0.97, 0.97, 0.98, 0.98, 0.98, 0.98, 0.98, 0.98, 0.99, 0.99, 0.99, 0.99, 0.99, 0.99, 0.99, 0.99, 0.99, 0.99, 0.99, 0.99, 0.99, 0.99, 0.99, 1.0, 1.0, 1.0, 1.0, 1.0, 1.0, 1.0, 1.0, 1.0]
grid primed std ranking:         [0.02, 0.03, 0.03, 0.05, 0.05, 0.05, 0.05, 0.05, 0.05, 0.05, 0.06, 0.06, 0.05, 0.06, 0.06, 0.06, 0.06, 0.06, 0.06, 0.06, 0.06, 0.06, 0.06, 0.06, 0.07, 0.06, 0.06, 0.06, 0.06, 0.06, 0.06, 0.06, 0.06, 0.06, 0.06, 0.05, 0.05, 0.05, 0.05, 0.05, 0.04, 0.04, 0.05, 0.04, 0.04, 0.04, 0.04, 0.03, 0.03, 0.03, 0.03, 0.03, 0.03, 0.03, 0.03, 0.03, 0.03, 0.03, 0.02, 0.03, 0.02, 0.02, 0.02, 0.02, 0.02, 0.02, 0.02, 0.02, 0.02, 0.02, 0.02, 0.02, 0.02, 0.02, 0.02, 0.02, 0.01, 0.01, 0.01, 0.01, 0.01, 0.01, 0.01, 0.01, 0.01, 0.01, 0.01, 0.01, 0.01, 0.01, 0.01, 0.01, 0.01, 0.01, 0.01, 0.01, 0.0, 0.0, 0.0, 0.0]


name_of_experiment:         experiment 15_2_2: priming on prid450. epoch=5. CLR diff
file_name:                  experiments_thesis.py
date:                       17/08/2017   19:26:42
duration:                   3268.254897
prid450 base mean tp,fp,tn,fn:    [62.15, 1979.8, 7920.2, 37.85]
prid450 base std tp,fp,tn,fn:     [10.97, 411.63, 411.63, 10.97]
prid450 base detection rate (TP/(TP+FN)):      0.6215
prid450 base false alarm (FP/(FP+TN)):        0.19997979798
prid450 base mean ranking:        [0.09, 0.15, 0.21, 0.25, 0.29, 0.33, 0.36, 0.38, 0.41, 0.44, 0.46, 0.49, 0.51, 0.53, 0.54, 0.56, 0.58, 0.59, 0.6, 0.62, 0.63, 0.65, 0.66, 0.67, 0.69, 0.69, 0.71, 0.72, 0.73, 0.74, 0.75, 0.76, 0.77, 0.78, 0.79, 0.8, 0.81, 0.82, 0.83, 0.84, 0.84, 0.85, 0.86, 0.87, 0.88, 0.88, 0.89, 0.9, 0.9, 0.91, 0.91, 0.92, 0.92, 0.93, 0.93, 0.94, 0.95, 0.95, 0.95, 0.96, 0.96, 0.96, 0.97, 0.97, 0.97, 0.97, 0.98, 0.98, 0.98, 0.98, 0.98, 0.98, 0.99, 0.99, 0.99, 0.99, 0.99, 0.99, 0.99, 0.99, 0.99, 0.99, 1.0, 1.0, 1.0, 1.0, 1.0, 1.0, 1.0, 1.0, 1.0, 1.0, 1.0, 1.0, 1.0, 1.0, 1.0, 1.0, 1.0, 1.0]
prid450 base std ranking:         [0.03, 0.05, 0.07, 0.08, 0.08, 0.09, 0.09, 0.09, 0.09, 0.1, 0.1, 0.1, 0.09, 0.09, 0.09, 0.09, 0.09, 0.09, 0.09, 0.09, 0.09, 0.09, 0.09, 0.09, 0.09, 0.09, 0.09, 0.09, 0.08, 0.08, 0.07, 0.07, 0.07, 0.06, 0.06, 0.06, 0.06, 0.05, 0.05, 0.05, 0.05, 0.05, 0.05, 0.04, 0.04, 0.03, 0.03, 0.03, 0.03, 0.03, 0.03, 0.03, 0.03, 0.03, 0.03, 0.03, 0.03, 0.03, 0.03, 0.02, 0.02, 0.02, 0.02, 0.02, 0.02, 0.02, 0.02, 0.02, 0.01, 0.01, 0.01, 0.02, 0.02, 0.01, 0.01, 0.01, 0.01, 0.01, 0.01, 0.01, 0.01, 0.01, 0.01, 0.01, 0.01, 0.01, 0.01, 0.0, 0.0, 0.0, 0.0, 0.0, 0.0, 0.0, 0.0, 0.0, 0.0, 0.0, 0.0, 0.0]
prid450 primed mean tp,fp,tn,fn:    [46.35, 3069.4, 6830.6, 53.65]
prid450 primed std tp,fp,tn,fn:     [14.89, 495.5, 495.5, 14.89]
prid450 primed detection rate (TP/(TP+FN)):      0.4635
prid450 primed false alarm (FP/(FP+TN)):        0.31004040404
prid450 primed mean ranking:        [0.04, 0.07, 0.09, 0.11, 0.13, 0.15, 0.17, 0.19, 0.2, 0.22, 0.24, 0.25, 0.27, 0.28, 0.29, 0.3, 0.32, 0.32, 0.34, 0.34, 0.35, 0.36, 0.38, 0.39, 0.4, 0.41, 0.43, 0.44, 0.45, 0.46, 0.47, 0.48, 0.49, 0.51, 0.52, 0.53, 0.54, 0.55, 0.56, 0.57, 0.58, 0.59, 0.6, 0.61, 0.62, 0.63, 0.64, 0.65, 0.67, 0.68, 0.69, 0.7, 0.71, 0.72, 0.73, 0.75, 0.75, 0.76, 0.77, 0.78, 0.79, 0.8, 0.81, 0.82, 0.83, 0.83, 0.84, 0.85, 0.86, 0.86, 0.87, 0.88, 0.89, 0.89, 0.9, 0.9, 0.91, 0.92, 0.92, 0.93, 0.94, 0.94, 0.95, 0.95, 0.96, 0.96, 0.97, 0.97, 0.98, 0.98, 0.98, 0.99, 0.99, 0.99, 0.99, 1.0, 1.0, 1.0, 1.0, 1.0]
prid450 primed std ranking:         [0.03, 0.05, 0.06, 0.06, 0.07, 0.07, 0.08, 0.08, 0.09, 0.1, 0.11, 0.11, 0.11, 0.11, 0.11, 0.12, 0.12, 0.13, 0.13, 0.14, 0.14, 0.14, 0.14, 0.14, 0.14, 0.15, 0.15, 0.15, 0.16, 0.16, 0.17, 0.16, 0.16, 0.16, 0.16, 0.17, 0.17, 0.17, 0.17, 0.16, 0.16, 0.16, 0.16, 0.16, 0.16, 0.16, 0.16, 0.16, 0.15, 0.15, 0.15, 0.15, 0.15, 0.14, 0.14, 0.14, 0.14, 0.13, 0.13, 0.13, 0.12, 0.12, 0.11, 0.11, 0.1, 0.1, 0.1, 0.1, 0.09, 0.09, 0.08, 0.08, 0.08, 0.08, 0.07, 0.07, 0.07, 0.07, 0.06, 0.06, 0.05, 0.05, 0.04, 0.04, 0.04, 0.04, 0.03, 0.03, 0.03, 0.02, 0.02, 0.02, 0.02, 0.01, 0.01, 0.01, 0.0, 0.0, 0.0, 0.0]


