name_of_experiment:         experiment 15_3_0: priming on viper. epoch=10. CLR diff
file_name:                  experiments_thesis.py
date:                       17/08/2017   21:32:46
duration:                   4467.295708
viper base mean tp,fp,tn,fn:    [57.45, 2076.15, 7823.85, 42.55]
viper base std tp,fp,tn,fn:     [16.88, 431.76, 431.76, 16.88]
viper base detection rate (TP/(TP+FN)):      0.5745
viper base false alarm (FP/(FP+TN)):        0.209712121212
viper base mean ranking:        [0.07, 0.13, 0.17, 0.21, 0.25, 0.29, 0.32, 0.35, 0.37, 0.4, 0.42, 0.45, 0.47, 0.49, 0.5, 0.52, 0.54, 0.56, 0.57, 0.59, 0.6, 0.62, 0.63, 0.64, 0.65, 0.66, 0.68, 0.69, 0.7, 0.71, 0.72, 0.73, 0.74, 0.75, 0.75, 0.76, 0.77, 0.78, 0.79, 0.79, 0.8, 0.81, 0.82, 0.82, 0.83, 0.84, 0.85, 0.85, 0.85, 0.86, 0.86, 0.87, 0.87, 0.88, 0.88, 0.88, 0.89, 0.89, 0.9, 0.9, 0.91, 0.92, 0.92, 0.92, 0.93, 0.93, 0.93, 0.94, 0.94, 0.94, 0.95, 0.95, 0.95, 0.95, 0.96, 0.96, 0.96, 0.97, 0.97, 0.97, 0.97, 0.98, 0.98, 0.98, 0.98, 0.98, 0.99, 0.99, 0.99, 0.99, 0.99, 0.99, 0.99, 1.0, 1.0, 1.0, 1.0, 1.0, 1.0, 1.0]
viper base std ranking:         [0.03, 0.05, 0.07, 0.08, 0.09, 0.1, 0.11, 0.12, 0.12, 0.13, 0.13, 0.14, 0.14, 0.14, 0.15, 0.15, 0.15, 0.15, 0.16, 0.16, 0.16, 0.16, 0.16, 0.16, 0.16, 0.16, 0.16, 0.16, 0.17, 0.16, 0.16, 0.16, 0.16, 0.16, 0.15, 0.14, 0.14, 0.14, 0.13, 0.13, 0.13, 0.13, 0.13, 0.13, 0.13, 0.12, 0.12, 0.12, 0.12, 0.12, 0.11, 0.11, 0.11, 0.11, 0.11, 0.1, 0.1, 0.1, 0.1, 0.09, 0.09, 0.08, 0.08, 0.08, 0.08, 0.07, 0.07, 0.07, 0.07, 0.06, 0.06, 0.06, 0.06, 0.05, 0.05, 0.04, 0.04, 0.03, 0.04, 0.03, 0.03, 0.03, 0.02, 0.02, 0.02, 0.02, 0.02, 0.02, 0.02, 0.01, 0.01, 0.01, 0.01, 0.01, 0.0, 0.0, 0.0, 0.0, 0.0, 0.0]
viper primed mean tp,fp,tn,fn:    [45.7, 3496.7, 6403.3, 54.3]
viper primed std tp,fp,tn,fn:     [16.54, 438.25, 438.25, 16.54]
viper primed detection rate (TP/(TP+FN)):      0.457
viper primed false alarm (FP/(FP+TN)):        0.353202020202
viper primed mean ranking:        [0.03, 0.06, 0.08, 0.1, 0.12, 0.13, 0.15, 0.16, 0.17, 0.19, 0.2, 0.21, 0.23, 0.24, 0.26, 0.27, 0.28, 0.3, 0.31, 0.32, 0.33, 0.34, 0.35, 0.37, 0.37, 0.39, 0.4, 0.41, 0.42, 0.43, 0.44, 0.45, 0.46, 0.47, 0.48, 0.49, 0.5, 0.51, 0.52, 0.53, 0.54, 0.55, 0.56, 0.57, 0.58, 0.59, 0.6, 0.61, 0.62, 0.63, 0.64, 0.65, 0.66, 0.67, 0.67, 0.68, 0.69, 0.7, 0.71, 0.72, 0.72, 0.73, 0.74, 0.75, 0.76, 0.77, 0.78, 0.79, 0.8, 0.81, 0.82, 0.82, 0.83, 0.84, 0.85, 0.85, 0.86, 0.87, 0.88, 0.89, 0.89, 0.9, 0.9, 0.91, 0.92, 0.93, 0.93, 0.94, 0.95, 0.95, 0.96, 0.97, 0.97, 0.98, 0.98, 0.99, 0.99, 0.99, 1.0, 1.0]
viper primed std ranking:         [0.02, 0.03, 0.04, 0.04, 0.05, 0.05, 0.05, 0.06, 0.06, 0.07, 0.07, 0.08, 0.08, 0.08, 0.09, 0.09, 0.09, 0.1, 0.1, 0.11, 0.11, 0.12, 0.12, 0.12, 0.13, 0.13, 0.13, 0.14, 0.14, 0.14, 0.14, 0.15, 0.15, 0.15, 0.15, 0.15, 0.16, 0.16, 0.16, 0.16, 0.16, 0.16, 0.16, 0.16, 0.16, 0.16, 0.16, 0.16, 0.16, 0.16, 0.16, 0.16, 0.15, 0.15, 0.15, 0.15, 0.15, 0.15, 0.15, 0.14, 0.14, 0.13, 0.13, 0.13, 0.12, 0.12, 0.12, 0.12, 0.12, 0.11, 0.11, 0.11, 0.1, 0.1, 0.09, 0.09, 0.09, 0.08, 0.08, 0.07, 0.07, 0.07, 0.07, 0.06, 0.06, 0.06, 0.05, 0.04, 0.04, 0.04, 0.04, 0.03, 0.03, 0.02, 0.02, 0.01, 0.01, 0.01, 0.0, 0.0]


name_of_experiment:         experiment 15_3_1: priming on grid. epoch=10. CLR diff
file_name:                  experiments_thesis.py
date:                       17/08/2017   19:02:02
duration:                   2273.350005
grid base mean tp,fp,tn,fn:    [70.95, 1711.35, 8188.65, 29.05]
grid base std tp,fp,tn,fn:     [6.62, 205.31, 205.31, 6.62]
grid base detection rate (TP/(TP+FN)):      0.7095
grid base false alarm (FP/(FP+TN)):        0.172863636364
grid base mean ranking:        [0.1, 0.18, 0.26, 0.32, 0.37, 0.41, 0.45, 0.48, 0.51, 0.54, 0.56, 0.59, 0.61, 0.63, 0.66, 0.68, 0.7, 0.71, 0.73, 0.74, 0.76, 0.77, 0.78, 0.79, 0.8, 0.81, 0.82, 0.83, 0.84, 0.85, 0.85, 0.86, 0.86, 0.87, 0.87, 0.88, 0.88, 0.89, 0.89, 0.9, 0.9, 0.91, 0.91, 0.92, 0.92, 0.92, 0.93, 0.93, 0.94, 0.94, 0.94, 0.95, 0.95, 0.95, 0.95, 0.96, 0.96, 0.96, 0.96, 0.97, 0.97, 0.97, 0.97, 0.97, 0.97, 0.98, 0.98, 0.98, 0.98, 0.98, 0.98, 0.98, 0.98, 0.98, 0.99, 0.99, 0.99, 0.99, 0.99, 0.99, 0.99, 0.99, 0.99, 0.99, 0.99, 1.0, 1.0, 1.0, 1.0, 1.0, 1.0, 1.0, 1.0, 1.0, 1.0, 1.0, 1.0, 1.0, 1.0, 1.0]
grid base std ranking:         [0.03, 0.05, 0.05, 0.06, 0.06, 0.06, 0.06, 0.06, 0.07, 0.07, 0.07, 0.07, 0.07, 0.07, 0.08, 0.08, 0.07, 0.07, 0.07, 0.06, 0.06, 0.06, 0.06, 0.06, 0.06, 0.05, 0.05, 0.05, 0.05, 0.05, 0.04, 0.04, 0.04, 0.04, 0.04, 0.04, 0.04, 0.04, 0.04, 0.04, 0.04, 0.03, 0.03, 0.03, 0.03, 0.03, 0.02, 0.02, 0.02, 0.02, 0.02, 0.02, 0.02, 0.02, 0.02, 0.02, 0.02, 0.02, 0.02, 0.02, 0.02, 0.02, 0.02, 0.02, 0.02, 0.02, 0.02, 0.02, 0.02, 0.02, 0.01, 0.01, 0.01, 0.01, 0.01, 0.01, 0.01, 0.01, 0.01, 0.01, 0.01, 0.01, 0.01, 0.01, 0.01, 0.01, 0.01, 0.01, 0.0, 0.0, 0.0, 0.0, 0.0, 0.0, 0.0, 0.0, 0.0, 0.0, 0.0, 0.0]
grid primed mean tp,fp,tn,fn:    [71.15, 3259.35, 6640.65, 28.85]
grid primed std tp,fp,tn,fn:     [6.48, 313.62, 313.62, 6.48]
grid primed detection rate (TP/(TP+FN)):      0.7115
grid primed false alarm (FP/(FP+TN)):        0.329227272727
grid primed mean ranking:        [0.07, 0.12, 0.16, 0.2, 0.23, 0.27, 0.3, 0.32, 0.34, 0.37, 0.39, 0.42, 0.43, 0.45, 0.47, 0.49, 0.5, 0.52, 0.54, 0.55, 0.57, 0.58, 0.6, 0.61, 0.62, 0.64, 0.65, 0.66, 0.67, 0.68, 0.7, 0.71, 0.72, 0.73, 0.74, 0.75, 0.76, 0.77, 0.77, 0.78, 0.79, 0.8, 0.8, 0.81, 0.81, 0.82, 0.83, 0.84, 0.84, 0.85, 0.86, 0.86, 0.87, 0.87, 0.88, 0.88, 0.89, 0.9, 0.9, 0.91, 0.91, 0.91, 0.92, 0.92, 0.93, 0.93, 0.94, 0.94, 0.94, 0.94, 0.95, 0.95, 0.95, 0.96, 0.96, 0.96, 0.96, 0.96, 0.96, 0.96, 0.97, 0.97, 0.97, 0.98, 0.98, 0.98, 0.98, 0.98, 0.99, 0.99, 0.99, 0.99, 0.99, 0.99, 0.99, 0.99, 1.0, 1.0, 1.0, 1.0]
grid primed std ranking:         [0.02, 0.03, 0.04, 0.04, 0.04, 0.05, 0.05, 0.06, 0.07, 0.07, 0.07, 0.07, 0.07, 0.07, 0.08, 0.08, 0.08, 0.08, 0.09, 0.09, 0.09, 0.09, 0.09, 0.08, 0.08, 0.08, 0.08, 0.08, 0.08, 0.07, 0.07, 0.07, 0.06, 0.07, 0.07, 0.06, 0.06, 0.06, 0.06, 0.06, 0.06, 0.06, 0.06, 0.06, 0.06, 0.06, 0.05, 0.05, 0.05, 0.05, 0.05, 0.04, 0.04, 0.04, 0.04, 0.04, 0.04, 0.04, 0.04, 0.04, 0.04, 0.04, 0.04, 0.03, 0.03, 0.03, 0.03, 0.03, 0.02, 0.02, 0.02, 0.02, 0.02, 0.02, 0.02, 0.02, 0.02, 0.02, 0.02, 0.02, 0.02, 0.02, 0.02, 0.01, 0.01, 0.01, 0.01, 0.01, 0.01, 0.01, 0.01, 0.01, 0.01, 0.01, 0.01, 0.01, 0.0, 0.0, 0.0, 0.0]


name_of_experiment:         experiment 15_3_2: priming on prid450. epoch=10. CLR diff
file_name:                  experiments_thesis.py
date:                       17/08/2017   20:25:22
duration:                   3514.329808
prid450 base mean tp,fp,tn,fn:    [60.15, 2111.55, 7788.45, 39.85]
prid450 base std tp,fp,tn,fn:     [13.28, 512.0, 512.0, 13.28]
prid450 base detection rate (TP/(TP+FN)):      0.6015
prid450 base false alarm (FP/(FP+TN)):        0.213287878788
prid450 base mean ranking:        [0.09, 0.14, 0.19, 0.23, 0.26, 0.29, 0.32, 0.34, 0.36, 0.39, 0.42, 0.44, 0.45, 0.48, 0.5, 0.52, 0.54, 0.56, 0.58, 0.59, 0.6, 0.62, 0.63, 0.65, 0.66, 0.67, 0.69, 0.7, 0.71, 0.73, 0.74, 0.75, 0.76, 0.76, 0.78, 0.79, 0.8, 0.81, 0.82, 0.83, 0.84, 0.85, 0.85, 0.86, 0.86, 0.87, 0.88, 0.89, 0.89, 0.9, 0.9, 0.91, 0.91, 0.92, 0.92, 0.93, 0.93, 0.94, 0.94, 0.94, 0.95, 0.95, 0.96, 0.96, 0.97, 0.97, 0.97, 0.97, 0.98, 0.98, 0.98, 0.98, 0.98, 0.98, 0.99, 0.99, 0.99, 0.99, 0.99, 0.99, 0.99, 0.99, 0.99, 0.99, 0.99, 1.0, 1.0, 1.0, 1.0, 1.0, 1.0, 1.0, 1.0, 1.0, 1.0, 1.0, 1.0, 1.0, 1.0, 1.0]
prid450 base std ranking:         [0.05, 0.06, 0.07, 0.08, 0.08, 0.08, 0.09, 0.09, 0.09, 0.09, 0.09, 0.09, 0.09, 0.09, 0.09, 0.09, 0.09, 0.09, 0.09, 0.09, 0.09, 0.09, 0.09, 0.09, 0.09, 0.09, 0.08, 0.09, 0.09, 0.08, 0.08, 0.08, 0.08, 0.07, 0.07, 0.07, 0.06, 0.06, 0.06, 0.06, 0.06, 0.06, 0.06, 0.05, 0.05, 0.05, 0.05, 0.05, 0.05, 0.05, 0.05, 0.05, 0.05, 0.05, 0.04, 0.04, 0.04, 0.04, 0.04, 0.04, 0.03, 0.03, 0.03, 0.03, 0.02, 0.02, 0.02, 0.02, 0.02, 0.02, 0.02, 0.02, 0.02, 0.02, 0.02, 0.01, 0.01, 0.01, 0.01, 0.01, 0.01, 0.01, 0.01, 0.01, 0.01, 0.01, 0.01, 0.01, 0.01, 0.0, 0.0, 0.0, 0.0, 0.0, 0.0, 0.0, 0.0, 0.0, 0.0, 0.0]
prid450 primed mean tp,fp,tn,fn:    [44.1, 4222.95, 5677.05, 55.9]
prid450 primed std tp,fp,tn,fn:     [15.73, 693.64, 693.64, 15.73]
prid450 primed detection rate (TP/(TP+FN)):      0.441
prid450 primed false alarm (FP/(FP+TN)):        0.426560606061
prid450 primed mean ranking:        [0.02, 0.04, 0.05, 0.06, 0.08, 0.09, 0.1, 0.12, 0.13, 0.14, 0.15, 0.16, 0.17, 0.18, 0.19, 0.2, 0.21, 0.21, 0.23, 0.23, 0.24, 0.25, 0.26, 0.26, 0.27, 0.28, 0.29, 0.29, 0.3, 0.31, 0.32, 0.33, 0.35, 0.35, 0.36, 0.37, 0.38, 0.39, 0.4, 0.4, 0.41, 0.42, 0.43, 0.45, 0.46, 0.47, 0.48, 0.49, 0.5, 0.51, 0.53, 0.54, 0.55, 0.57, 0.58, 0.59, 0.61, 0.62, 0.63, 0.64, 0.65, 0.66, 0.67, 0.69, 0.7, 0.71, 0.72, 0.73, 0.74, 0.75, 0.76, 0.77, 0.78, 0.79, 0.81, 0.82, 0.83, 0.84, 0.85, 0.86, 0.87, 0.87, 0.88, 0.89, 0.9, 0.91, 0.92, 0.93, 0.93, 0.94, 0.95, 0.96, 0.97, 0.98, 0.98, 0.99, 0.99, 0.99, 1.0, 1.0]
prid450 primed std ranking:         [0.02, 0.03, 0.03, 0.04, 0.04, 0.05, 0.05, 0.05, 0.05, 0.06, 0.06, 0.07, 0.08, 0.08, 0.08, 0.09, 0.09, 0.09, 0.1, 0.1, 0.11, 0.11, 0.12, 0.12, 0.12, 0.12, 0.12, 0.12, 0.12, 0.13, 0.13, 0.14, 0.14, 0.14, 0.14, 0.14, 0.14, 0.14, 0.14, 0.15, 0.14, 0.15, 0.14, 0.15, 0.15, 0.15, 0.15, 0.14, 0.14, 0.15, 0.14, 0.14, 0.14, 0.14, 0.14, 0.13, 0.12, 0.12, 0.11, 0.11, 0.11, 0.11, 0.1, 0.1, 0.1, 0.1, 0.09, 0.09, 0.09, 0.08, 0.08, 0.07, 0.07, 0.07, 0.07, 0.07, 0.06, 0.06, 0.06, 0.05, 0.05, 0.05, 0.05, 0.04, 0.04, 0.04, 0.04, 0.04, 0.03, 0.03, 0.02, 0.02, 0.02, 0.01, 0.01, 0.01, 0.01, 0.01, 0.01, 0.0]
