name_of_experiment:         experiment 16_1_0: priming on viper. epoch=10. LR=0.00001 
file_name:                  experiments_thesis.py
date:                       18/08/2017   19:56:54
duration:                   4464.963115
viper base mean tp,fp,tn,fn:    [53.65, 2212.9, 7687.1, 46.35]
viper base std tp,fp,tn,fn:     [14.74, 739.09, 739.09, 14.74]
viper base detection rate (TP/(TP+FN)):      0.5365
viper base false alarm (FP/(FP+TN)):        0.223525252525
viper base mean ranking:        [0.06, 0.11, 0.15, 0.19, 0.23, 0.26, 0.29, 0.31, 0.33, 0.35, 0.37, 0.4, 0.42, 0.43, 0.45, 0.47, 0.49, 0.51, 0.53, 0.54, 0.55, 0.57, 0.58, 0.59, 0.6, 0.61, 0.63, 0.64, 0.65, 0.66, 0.67, 0.68, 0.69, 0.7, 0.71, 0.72, 0.73, 0.74, 0.75, 0.76, 0.77, 0.77, 0.78, 0.78, 0.79, 0.8, 0.81, 0.82, 0.82, 0.83, 0.84, 0.84, 0.85, 0.86, 0.86, 0.87, 0.87, 0.88, 0.88, 0.89, 0.89, 0.9, 0.9, 0.9, 0.91, 0.91, 0.92, 0.92, 0.92, 0.93, 0.93, 0.93, 0.94, 0.94, 0.95, 0.95, 0.95, 0.96, 0.96, 0.97, 0.97, 0.97, 0.97, 0.98, 0.98, 0.98, 0.98, 0.98, 0.98, 0.98, 0.99, 0.99, 0.99, 0.99, 0.99, 1.0, 1.0, 1.0, 1.0, 1.0]
viper base std ranking:         [0.03, 0.04, 0.07, 0.07, 0.08, 0.09, 0.09, 0.1, 0.1, 0.1, 0.1, 0.11, 0.11, 0.12, 0.12, 0.12, 0.13, 0.14, 0.14, 0.14, 0.14, 0.14, 0.14, 0.15, 0.15, 0.15, 0.15, 0.15, 0.15, 0.15, 0.15, 0.16, 0.16, 0.15, 0.15, 0.15, 0.15, 0.15, 0.15, 0.15, 0.15, 0.15, 0.14, 0.14, 0.14, 0.13, 0.13, 0.13, 0.13, 0.13, 0.12, 0.12, 0.12, 0.12, 0.11, 0.11, 0.11, 0.11, 0.11, 0.11, 0.11, 0.1, 0.1, 0.1, 0.1, 0.09, 0.09, 0.08, 0.08, 0.08, 0.08, 0.07, 0.07, 0.07, 0.06, 0.06, 0.06, 0.05, 0.05, 0.05, 0.04, 0.04, 0.04, 0.04, 0.03, 0.03, 0.03, 0.03, 0.03, 0.03, 0.02, 0.02, 0.02, 0.01, 0.01, 0.01, 0.01, 0.0, 0.0, 0.0]
viper primed mean tp,fp,tn,fn:    [49.85, 4557.05, 5342.95, 50.15]
viper primed std tp,fp,tn,fn:     [14.66, 861.95, 861.95, 14.66]
viper primed detection rate (TP/(TP+FN)):      0.4985
viper primed false alarm (FP/(FP+TN)):        0.460308080808
viper primed mean ranking:        [0.03, 0.04, 0.06, 0.07, 0.09, 0.1, 0.11, 0.12, 0.14, 0.15, 0.16, 0.18, 0.19, 0.2, 0.22, 0.23, 0.24, 0.25, 0.26, 0.27, 0.28, 0.29, 0.3, 0.31, 0.32, 0.33, 0.33, 0.34, 0.35, 0.36, 0.37, 0.38, 0.39, 0.4, 0.41, 0.42, 0.42, 0.43, 0.44, 0.45, 0.47, 0.47, 0.48, 0.49, 0.5, 0.51, 0.52, 0.53, 0.54, 0.55, 0.56, 0.57, 0.58, 0.59, 0.6, 0.61, 0.61, 0.62, 0.63, 0.64, 0.65, 0.66, 0.67, 0.68, 0.69, 0.7, 0.71, 0.73, 0.74, 0.74, 0.76, 0.77, 0.78, 0.78, 0.79, 0.8, 0.81, 0.82, 0.83, 0.84, 0.85, 0.86, 0.87, 0.88, 0.89, 0.9, 0.91, 0.92, 0.92, 0.93, 0.94, 0.95, 0.95, 0.96, 0.96, 0.97, 0.98, 0.99, 0.99, 1.0]
viper primed std ranking:         [0.02, 0.02, 0.03, 0.03, 0.04, 0.04, 0.04, 0.05, 0.05, 0.06, 0.06, 0.06, 0.07, 0.07, 0.08, 0.08, 0.08, 0.08, 0.08, 0.09, 0.09, 0.09, 0.09, 0.1, 0.1, 0.1, 0.1, 0.11, 0.11, 0.11, 0.12, 0.12, 0.12, 0.12, 0.13, 0.13, 0.13, 0.13, 0.13, 0.13, 0.14, 0.14, 0.14, 0.14, 0.15, 0.15, 0.15, 0.15, 0.15, 0.15, 0.15, 0.14, 0.15, 0.14, 0.14, 0.14, 0.14, 0.14, 0.14, 0.13, 0.13, 0.13, 0.13, 0.12, 0.12, 0.12, 0.12, 0.11, 0.1, 0.1, 0.1, 0.09, 0.09, 0.09, 0.09, 0.09, 0.08, 0.08, 0.07, 0.06, 0.06, 0.06, 0.05, 0.05, 0.05, 0.04, 0.04, 0.03, 0.03, 0.03, 0.03, 0.03, 0.02, 0.02, 0.02, 0.02, 0.01, 0.01, 0.01, 0.0]


name_of_experiment:         experiment 16_1_1: priming on grid. epoch=10. LR=0.00001 
file_name:                  experiments_thesis.py
date:                       18/08/2017   18:40:16
duration:                   2171.478158
grid base mean tp,fp,tn,fn:    [73.95, 1825.4, 8074.6, 26.05]
grid base std tp,fp,tn,fn:     [6.58, 246.9, 246.9, 6.58]
grid base detection rate (TP/(TP+FN)):      0.7395
grid base false alarm (FP/(FP+TN)):        0.184383838384
grid base mean ranking:        [0.11, 0.19, 0.27, 0.33, 0.38, 0.43, 0.48, 0.52, 0.55, 0.57, 0.6, 0.62, 0.64, 0.66, 0.68, 0.7, 0.72, 0.74, 0.75, 0.76, 0.78, 0.79, 0.8, 0.81, 0.82, 0.82, 0.83, 0.84, 0.85, 0.86, 0.86, 0.87, 0.88, 0.88, 0.89, 0.9, 0.9, 0.9, 0.91, 0.91, 0.92, 0.92, 0.92, 0.93, 0.93, 0.94, 0.94, 0.94, 0.95, 0.95, 0.95, 0.96, 0.96, 0.96, 0.96, 0.97, 0.97, 0.97, 0.97, 0.97, 0.97, 0.97, 0.98, 0.98, 0.98, 0.98, 0.98, 0.98, 0.98, 0.98, 0.98, 0.99, 0.99, 0.99, 0.99, 0.99, 0.99, 0.99, 0.99, 0.99, 0.99, 0.99, 0.99, 0.99, 1.0, 1.0, 1.0, 1.0, 1.0, 1.0, 1.0, 1.0, 1.0, 1.0, 1.0, 1.0, 1.0, 1.0, 1.0, 1.0]
grid base std ranking:         [0.04, 0.05, 0.06, 0.05, 0.06, 0.07, 0.06, 0.07, 0.07, 0.07, 0.07, 0.06, 0.07, 0.07, 0.07, 0.07, 0.07, 0.07, 0.06, 0.06, 0.06, 0.06, 0.06, 0.06, 0.06, 0.06, 0.06, 0.06, 0.05, 0.05, 0.05, 0.05, 0.04, 0.04, 0.04, 0.04, 0.04, 0.03, 0.03, 0.03, 0.03, 0.03, 0.02, 0.02, 0.02, 0.02, 0.02, 0.02, 0.02, 0.02, 0.02, 0.02, 0.02, 0.02, 0.02, 0.02, 0.02, 0.02, 0.02, 0.02, 0.02, 0.02, 0.01, 0.01, 0.01, 0.01, 0.01, 0.01, 0.01, 0.01, 0.01, 0.01, 0.01, 0.01, 0.01, 0.01, 0.01, 0.01, 0.01, 0.01, 0.01, 0.01, 0.01, 0.01, 0.0, 0.0, 0.0, 0.0, 0.0, 0.0, 0.0, 0.0, 0.0, 0.0, 0.0, 0.0, 0.0, 0.0, 0.0, 0.0]
grid primed mean tp,fp,tn,fn:    [70.3, 4152.65, 5747.35, 29.7]
grid primed std tp,fp,tn,fn:     [7.82, 306.7, 306.7, 7.82]
grid primed detection rate (TP/(TP+FN)):      0.703
grid primed false alarm (FP/(FP+TN)):        0.41945959596
grid primed mean ranking:        [0.04, 0.08, 0.11, 0.14, 0.17, 0.19, 0.22, 0.25, 0.27, 0.29, 0.31, 0.33, 0.35, 0.37, 0.39, 0.4, 0.42, 0.43, 0.44, 0.46, 0.48, 0.5, 0.51, 0.52, 0.54, 0.55, 0.56, 0.57, 0.57, 0.59, 0.6, 0.61, 0.62, 0.63, 0.64, 0.65, 0.66, 0.66, 0.68, 0.69, 0.7, 0.71, 0.72, 0.72, 0.74, 0.75, 0.75, 0.76, 0.77, 0.77, 0.78, 0.79, 0.8, 0.8, 0.81, 0.82, 0.82, 0.83, 0.84, 0.84, 0.84, 0.85, 0.85, 0.86, 0.87, 0.87, 0.88, 0.88, 0.89, 0.9, 0.9, 0.9, 0.91, 0.92, 0.92, 0.93, 0.93, 0.93, 0.94, 0.94, 0.94, 0.95, 0.95, 0.96, 0.96, 0.96, 0.97, 0.97, 0.97, 0.97, 0.98, 0.98, 0.98, 0.98, 0.99, 0.99, 0.99, 1.0, 1.0, 1.0]
grid primed std ranking:         [0.02, 0.03, 0.04, 0.04, 0.05, 0.05, 0.06, 0.06, 0.06, 0.07, 0.07, 0.08, 0.08, 0.08, 0.08, 0.08, 0.07, 0.07, 0.07, 0.07, 0.07, 0.07, 0.07, 0.07, 0.07, 0.08, 0.07, 0.07, 0.07, 0.08, 0.08, 0.08, 0.09, 0.08, 0.09, 0.08, 0.09, 0.08, 0.08, 0.08, 0.08, 0.08, 0.08, 0.08, 0.08, 0.08, 0.07, 0.07, 0.07, 0.07, 0.07, 0.06, 0.06, 0.06, 0.06, 0.06, 0.06, 0.06, 0.06, 0.06, 0.06, 0.06, 0.06, 0.06, 0.05, 0.05, 0.05, 0.05, 0.05, 0.04, 0.04, 0.04, 0.04, 0.04, 0.04, 0.03, 0.03, 0.03, 0.03, 0.03, 0.03, 0.02, 0.02, 0.02, 0.02, 0.02, 0.02, 0.02, 0.02, 0.02, 0.01, 0.01, 0.01, 0.01, 0.01, 0.01, 0.01, 0.01, 0.0, 0.0]


name_of_experiment:         experiment 16_1_2: priming on prid450. epoch=10. LR=0.00001 
file_name:                  experiments_thesis.py
date:                       18/08/2017   19:22:03
duration:                   3432.034785
prid450 base mean tp,fp,tn,fn:    [57.95, 1891.5, 8008.5, 42.05]
prid450 base std tp,fp,tn,fn:     [12.85, 420.96, 420.96, 12.85]
prid450 base detection rate (TP/(TP+FN)):      0.5795
prid450 base false alarm (FP/(FP+TN)):        0.191060606061
prid450 base mean ranking:        [0.09, 0.14, 0.19, 0.23, 0.27, 0.3, 0.33, 0.36, 0.38, 0.4, 0.43, 0.45, 0.47, 0.49, 0.51, 0.53, 0.54, 0.56, 0.57, 0.59, 0.61, 0.62, 0.64, 0.65, 0.66, 0.68, 0.69, 0.7, 0.72, 0.73, 0.74, 0.75, 0.76, 0.77, 0.78, 0.8, 0.81, 0.82, 0.83, 0.84, 0.85, 0.86, 0.86, 0.87, 0.87, 0.88, 0.89, 0.89, 0.9, 0.91, 0.91, 0.92, 0.92, 0.93, 0.93, 0.93, 0.94, 0.94, 0.94, 0.95, 0.95, 0.95, 0.96, 0.96, 0.97, 0.97, 0.97, 0.98, 0.98, 0.98, 0.98, 0.99, 0.99, 0.99, 0.99, 0.99, 0.99, 0.99, 0.99, 0.99, 1.0, 1.0, 1.0, 1.0, 1.0, 1.0, 1.0, 1.0, 1.0, 1.0, 1.0, 1.0, 1.0, 1.0, 1.0, 1.0, 1.0, 1.0, 1.0, 1.0]
prid450 base std ranking:         [0.04, 0.05, 0.07, 0.08, 0.08, 0.09, 0.09, 0.09, 0.09, 0.09, 0.08, 0.09, 0.08, 0.08, 0.07, 0.07, 0.07, 0.07, 0.07, 0.07, 0.07, 0.08, 0.08, 0.08, 0.08, 0.08, 0.08, 0.08, 0.08, 0.08, 0.08, 0.07, 0.06, 0.07, 0.06, 0.07, 0.06, 0.06, 0.06, 0.06, 0.06, 0.06, 0.06, 0.06, 0.07, 0.06, 0.06, 0.06, 0.06, 0.05, 0.05, 0.05, 0.05, 0.05, 0.04, 0.04, 0.04, 0.04, 0.04, 0.04, 0.03, 0.03, 0.03, 0.02, 0.02, 0.02, 0.02, 0.02, 0.02, 0.02, 0.01, 0.01, 0.01, 0.01, 0.01, 0.01, 0.01, 0.01, 0.01, 0.01, 0.01, 0.01, 0.01, 0.01, 0.0, 0.0, 0.0, 0.0, 0.0, 0.0, 0.0, 0.0, 0.0, 0.0, 0.0, 0.0, 0.0, 0.0, 0.0, 0.0]
prid450 primed mean tp,fp,tn,fn:    [41.85, 4798.3, 5101.7, 58.15]
prid450 primed std tp,fp,tn,fn:     [10.16, 604.2, 604.2, 10.16]
prid450 primed detection rate (TP/(TP+FN)):      0.4185
prid450 primed false alarm (FP/(FP+TN)):        0.484676767677
prid450 primed mean ranking:        [0.02, 0.03, 0.04, 0.05, 0.05, 0.06, 0.07, 0.08, 0.09, 0.1, 0.11, 0.11, 0.12, 0.13, 0.14, 0.14, 0.15, 0.16, 0.17, 0.18, 0.18, 0.19, 0.2, 0.21, 0.22, 0.22, 0.23, 0.24, 0.24, 0.25, 0.26, 0.27, 0.28, 0.29, 0.29, 0.3, 0.31, 0.31, 0.32, 0.33, 0.34, 0.35, 0.36, 0.37, 0.37, 0.38, 0.4, 0.4, 0.41, 0.42, 0.44, 0.45, 0.46, 0.47, 0.48, 0.5, 0.5, 0.52, 0.53, 0.54, 0.55, 0.56, 0.58, 0.59, 0.6, 0.61, 0.62, 0.64, 0.65, 0.67, 0.68, 0.7, 0.71, 0.72, 0.73, 0.75, 0.76, 0.77, 0.79, 0.8, 0.81, 0.82, 0.83, 0.85, 0.86, 0.87, 0.89, 0.9, 0.91, 0.92, 0.93, 0.94, 0.95, 0.96, 0.96, 0.97, 0.98, 0.99, 0.99, 1.0]
prid450 primed std ranking:         [0.02, 0.02, 0.03, 0.03, 0.03, 0.04, 0.04, 0.04, 0.04, 0.04, 0.05, 0.05, 0.05, 0.05, 0.06, 0.06, 0.06, 0.06, 0.07, 0.07, 0.07, 0.08, 0.08, 0.09, 0.1, 0.1, 0.1, 0.1, 0.1, 0.1, 0.1, 0.1, 0.11, 0.11, 0.11, 0.11, 0.11, 0.11, 0.12, 0.11, 0.11, 0.11, 0.11, 0.11, 0.11, 0.11, 0.11, 0.11, 0.11, 0.11, 0.12, 0.11, 0.11, 0.1, 0.1, 0.1, 0.1, 0.09, 0.1, 0.1, 0.09, 0.09, 0.09, 0.09, 0.08, 0.09, 0.08, 0.08, 0.08, 0.07, 0.07, 0.06, 0.06, 0.06, 0.06, 0.05, 0.05, 0.06, 0.05, 0.06, 0.05, 0.05, 0.05, 0.05, 0.04, 0.04, 0.04, 0.03, 0.03, 0.03, 0.03, 0.02, 0.02, 0.02, 0.02, 0.02, 0.01, 0.01, 0.01, 0.0]
