name_of_experiment:         experiment 16_2_0: priming on viper. epoch=5. LR=0.000001 
file_name:                  experiments_thesis.py
date:                       18/08/2017   21:07:13
duration:                   4211.978013
viper base mean tp,fp,tn,fn:    [55.4, 2145.8, 7754.2, 44.6]
viper base std tp,fp,tn,fn:     [8.88, 499.73, 499.73, 8.88]
viper base detection rate (TP/(TP+FN)):      0.554
viper base false alarm (FP/(FP+TN)):        0.216747474747
viper base mean ranking:        [0.07, 0.12, 0.16, 0.2, 0.24, 0.28, 0.3, 0.32, 0.35, 0.37, 0.4, 0.42, 0.44, 0.45, 0.47, 0.48, 0.5, 0.51, 0.53, 0.55, 0.56, 0.58, 0.59, 0.61, 0.63, 0.64, 0.65, 0.66, 0.67, 0.69, 0.7, 0.71, 0.72, 0.73, 0.74, 0.75, 0.76, 0.77, 0.78, 0.79, 0.79, 0.8, 0.81, 0.81, 0.82, 0.83, 0.84, 0.84, 0.85, 0.85, 0.86, 0.87, 0.88, 0.88, 0.89, 0.89, 0.9, 0.9, 0.91, 0.91, 0.92, 0.92, 0.93, 0.93, 0.93, 0.94, 0.94, 0.94, 0.95, 0.95, 0.96, 0.96, 0.96, 0.96, 0.97, 0.97, 0.97, 0.97, 0.98, 0.98, 0.98, 0.98, 0.98, 0.98, 0.99, 0.99, 0.99, 0.99, 0.99, 0.99, 0.99, 0.99, 1.0, 1.0, 1.0, 1.0, 1.0, 1.0, 1.0, 1.0]
viper base std ranking:         [0.02, 0.03, 0.04, 0.05, 0.06, 0.07, 0.07, 0.07, 0.07, 0.07, 0.08, 0.08, 0.09, 0.09, 0.09, 0.08, 0.08, 0.07, 0.07, 0.07, 0.08, 0.08, 0.08, 0.08, 0.08, 0.08, 0.08, 0.08, 0.08, 0.08, 0.08, 0.08, 0.08, 0.08, 0.08, 0.09, 0.08, 0.08, 0.08, 0.07, 0.07, 0.08, 0.07, 0.07, 0.07, 0.07, 0.07, 0.07, 0.07, 0.07, 0.07, 0.06, 0.06, 0.06, 0.06, 0.06, 0.06, 0.06, 0.05, 0.05, 0.05, 0.05, 0.04, 0.04, 0.04, 0.04, 0.04, 0.04, 0.04, 0.04, 0.04, 0.03, 0.03, 0.03, 0.03, 0.03, 0.02, 0.02, 0.02, 0.02, 0.02, 0.02, 0.01, 0.01, 0.01, 0.01, 0.01, 0.01, 0.01, 0.01, 0.01, 0.01, 0.01, 0.0, 0.0, 0.0, 0.0, 0.0, 0.0, 0.0]
viper primed mean tp,fp,tn,fn:    [54.05, 4544.1, 5355.9, 45.95]
viper primed std tp,fp,tn,fn:     [17.28, 895.81, 895.81, 17.28]
viper primed detection rate (TP/(TP+FN)):      0.5405
viper primed false alarm (FP/(FP+TN)):        0.459
viper primed mean ranking:        [0.02, 0.04, 0.05, 0.07, 0.09, 0.11, 0.12, 0.13, 0.14, 0.16, 0.17, 0.18, 0.19, 0.2, 0.21, 0.22, 0.23, 0.24, 0.25, 0.26, 0.27, 0.29, 0.3, 0.31, 0.32, 0.33, 0.34, 0.35, 0.36, 0.37, 0.39, 0.39, 0.41, 0.42, 0.43, 0.45, 0.46, 0.47, 0.48, 0.5, 0.51, 0.52, 0.53, 0.54, 0.55, 0.57, 0.58, 0.59, 0.59, 0.6, 0.61, 0.62, 0.63, 0.64, 0.65, 0.66, 0.67, 0.68, 0.69, 0.7, 0.7, 0.71, 0.71, 0.72, 0.73, 0.74, 0.75, 0.76, 0.77, 0.78, 0.78, 0.79, 0.8, 0.81, 0.82, 0.82, 0.83, 0.84, 0.85, 0.86, 0.87, 0.88, 0.89, 0.89, 0.9, 0.91, 0.91, 0.92, 0.93, 0.94, 0.94, 0.95, 0.96, 0.96, 0.97, 0.98, 0.98, 0.99, 1.0, 1.0]
viper primed std ranking:         [0.01, 0.02, 0.02, 0.02, 0.03, 0.03, 0.04, 0.04, 0.05, 0.05, 0.05, 0.06, 0.06, 0.06, 0.06, 0.06, 0.06, 0.07, 0.07, 0.07, 0.08, 0.08, 0.08, 0.08, 0.09, 0.09, 0.09, 0.09, 0.09, 0.1, 0.1, 0.1, 0.11, 0.11, 0.11, 0.11, 0.11, 0.12, 0.12, 0.12, 0.12, 0.12, 0.12, 0.12, 0.13, 0.13, 0.13, 0.13, 0.13, 0.14, 0.13, 0.13, 0.13, 0.13, 0.13, 0.13, 0.13, 0.12, 0.12, 0.12, 0.12, 0.12, 0.12, 0.12, 0.12, 0.11, 0.11, 0.1, 0.1, 0.09, 0.09, 0.09, 0.08, 0.08, 0.08, 0.08, 0.08, 0.07, 0.07, 0.07, 0.06, 0.06, 0.06, 0.06, 0.06, 0.05, 0.05, 0.04, 0.04, 0.04, 0.04, 0.04, 0.03, 0.03, 0.02, 0.02, 0.02, 0.01, 0.01, 0.0]


name_of_experiment:         experiment 16_2_1: priming on grid. epoch=5. LR=0.000001 
file_name:                  experiments_thesis.py
date:                       18/08/2017   19:12:58
duration:                   1955.852634
grid base mean tp,fp,tn,fn:    [72.95, 1766.45, 8133.55, 27.05]
grid base std tp,fp,tn,fn:     [6.76, 179.46, 179.46, 6.76]
grid base detection rate (TP/(TP+FN)):      0.7295
grid base false alarm (FP/(FP+TN)):        0.178429292929
grid base mean ranking:        [0.1, 0.19, 0.26, 0.32, 0.38, 0.42, 0.46, 0.5, 0.53, 0.56, 0.59, 0.62, 0.64, 0.66, 0.68, 0.69, 0.71, 0.73, 0.74, 0.76, 0.78, 0.79, 0.8, 0.81, 0.82, 0.83, 0.83, 0.84, 0.85, 0.85, 0.86, 0.87, 0.88, 0.88, 0.89, 0.89, 0.9, 0.9, 0.9, 0.91, 0.91, 0.91, 0.92, 0.92, 0.92, 0.93, 0.93, 0.93, 0.94, 0.94, 0.95, 0.95, 0.95, 0.95, 0.96, 0.96, 0.96, 0.97, 0.97, 0.97, 0.97, 0.97, 0.97, 0.98, 0.98, 0.98, 0.98, 0.98, 0.98, 0.98, 0.98, 0.99, 0.99, 0.99, 0.99, 0.99, 0.99, 0.99, 0.99, 0.99, 0.99, 1.0, 1.0, 1.0, 1.0, 1.0, 1.0, 1.0, 1.0, 1.0, 1.0, 1.0, 1.0, 1.0, 1.0, 1.0, 1.0, 1.0, 1.0, 1.0]
grid base std ranking:         [0.03, 0.04, 0.04, 0.06, 0.06, 0.07, 0.07, 0.07, 0.07, 0.07, 0.07, 0.08, 0.08, 0.08, 0.08, 0.08, 0.07, 0.08, 0.07, 0.07, 0.07, 0.07, 0.07, 0.06, 0.06, 0.06, 0.06, 0.06, 0.06, 0.05, 0.05, 0.05, 0.05, 0.05, 0.05, 0.05, 0.05, 0.05, 0.04, 0.04, 0.04, 0.04, 0.04, 0.03, 0.03, 0.03, 0.03, 0.03, 0.03, 0.03, 0.02, 0.02, 0.02, 0.02, 0.02, 0.02, 0.02, 0.02, 0.02, 0.02, 0.02, 0.02, 0.01, 0.01, 0.02, 0.02, 0.02, 0.02, 0.02, 0.02, 0.02, 0.02, 0.02, 0.01, 0.01, 0.01, 0.01, 0.01, 0.01, 0.01, 0.01, 0.01, 0.01, 0.0, 0.0, 0.0, 0.0, 0.0, 0.0, 0.0, 0.0, 0.0, 0.0, 0.0, 0.0, 0.0, 0.0, 0.0, 0.0, 0.0]
grid primed mean tp,fp,tn,fn:    [67.5, 4003.1, 5896.9, 32.5]
grid primed std tp,fp,tn,fn:     [6.05, 340.04, 340.04, 6.05]
grid primed detection rate (TP/(TP+FN)):      0.675
grid primed false alarm (FP/(FP+TN)):        0.404353535354
grid primed mean ranking:        [0.05, 0.08, 0.12, 0.15, 0.18, 0.21, 0.23, 0.26, 0.28, 0.3, 0.32, 0.34, 0.36, 0.38, 0.4, 0.41, 0.43, 0.44, 0.46, 0.47, 0.48, 0.5, 0.51, 0.52, 0.53, 0.55, 0.56, 0.57, 0.58, 0.59, 0.6, 0.61, 0.62, 0.63, 0.64, 0.65, 0.66, 0.67, 0.68, 0.68, 0.69, 0.7, 0.7, 0.71, 0.72, 0.73, 0.74, 0.75, 0.76, 0.76, 0.77, 0.78, 0.79, 0.8, 0.81, 0.82, 0.82, 0.83, 0.83, 0.84, 0.84, 0.85, 0.86, 0.86, 0.87, 0.87, 0.88, 0.89, 0.89, 0.9, 0.9, 0.91, 0.91, 0.92, 0.93, 0.93, 0.94, 0.94, 0.94, 0.95, 0.95, 0.96, 0.96, 0.96, 0.97, 0.97, 0.97, 0.97, 0.98, 0.98, 0.98, 0.99, 0.99, 0.99, 0.99, 1.0, 1.0, 1.0, 1.0, 1.0]
grid primed std ranking:         [0.02, 0.03, 0.04, 0.04, 0.05, 0.05, 0.05, 0.05, 0.05, 0.06, 0.06, 0.07, 0.07, 0.07, 0.07, 0.07, 0.07, 0.07, 0.07, 0.07, 0.08, 0.08, 0.08, 0.08, 0.07, 0.07, 0.07, 0.07, 0.07, 0.07, 0.08, 0.08, 0.08, 0.08, 0.08, 0.07, 0.07, 0.07, 0.07, 0.06, 0.06, 0.06, 0.06, 0.06, 0.06, 0.06, 0.06, 0.06, 0.06, 0.06, 0.06, 0.06, 0.05, 0.05, 0.06, 0.05, 0.05, 0.05, 0.05, 0.05, 0.05, 0.05, 0.05, 0.04, 0.05, 0.05, 0.04, 0.05, 0.04, 0.04, 0.04, 0.04, 0.04, 0.04, 0.04, 0.03, 0.03, 0.03, 0.03, 0.03, 0.03, 0.03, 0.03, 0.02, 0.02, 0.02, 0.02, 0.02, 0.02, 0.02, 0.02, 0.01, 0.01, 0.01, 0.01, 0.01, 0.01, 0.0, 0.0, 0.0]


name_of_experiment:         experiment 16_2_2: priming on prid450. epoch=5. LR=0.000001 
file_name:                  experiments_thesis.py
date:                       18/08/2017   20:15:30
duration:                   3200.409059
prid450 base mean tp,fp,tn,fn:    [61.85, 2073.2, 7826.8, 38.15]
prid450 base std tp,fp,tn,fn:     [10.53, 517.42, 517.42, 10.53]
prid450 base detection rate (TP/(TP+FN)):      0.6185
prid450 base false alarm (FP/(FP+TN)):        0.209414141414
prid450 base mean ranking:        [0.08, 0.15, 0.21, 0.25, 0.28, 0.32, 0.35, 0.38, 0.4, 0.42, 0.44, 0.47, 0.49, 0.51, 0.53, 0.55, 0.56, 0.57, 0.59, 0.6, 0.62, 0.63, 0.64, 0.66, 0.68, 0.69, 0.71, 0.72, 0.73, 0.74, 0.75, 0.76, 0.76, 0.78, 0.79, 0.8, 0.81, 0.82, 0.83, 0.84, 0.84, 0.85, 0.86, 0.87, 0.88, 0.88, 0.89, 0.89, 0.9, 0.9, 0.91, 0.91, 0.92, 0.92, 0.93, 0.93, 0.94, 0.94, 0.95, 0.95, 0.95, 0.96, 0.96, 0.96, 0.96, 0.97, 0.97, 0.97, 0.97, 0.98, 0.98, 0.98, 0.98, 0.99, 0.99, 0.99, 0.99, 0.99, 0.99, 0.99, 1.0, 1.0, 1.0, 1.0, 1.0, 1.0, 1.0, 1.0, 1.0, 1.0, 1.0, 1.0, 1.0, 1.0, 1.0, 1.0, 1.0, 1.0, 1.0, 1.0]
prid450 base std ranking:         [0.02, 0.03, 0.04, 0.05, 0.05, 0.06, 0.06, 0.06, 0.07, 0.07, 0.07, 0.08, 0.08, 0.08, 0.08, 0.08, 0.08, 0.07, 0.07, 0.07, 0.06, 0.06, 0.06, 0.06, 0.06, 0.06, 0.06, 0.06, 0.06, 0.06, 0.06, 0.06, 0.06, 0.06, 0.06, 0.06, 0.05, 0.05, 0.05, 0.05, 0.05, 0.05, 0.05, 0.05, 0.05, 0.05, 0.04, 0.04, 0.04, 0.04, 0.04, 0.04, 0.04, 0.03, 0.03, 0.03, 0.03, 0.03, 0.03, 0.03, 0.03, 0.03, 0.03, 0.02, 0.02, 0.02, 0.02, 0.02, 0.02, 0.02, 0.02, 0.01, 0.01, 0.01, 0.01, 0.01, 0.01, 0.01, 0.01, 0.01, 0.01, 0.01, 0.01, 0.01, 0.01, 0.01, 0.01, 0.01, 0.01, 0.0, 0.0, 0.0, 0.0, 0.0, 0.0, 0.0, 0.0, 0.0, 0.0, 0.0]
prid450 primed mean tp,fp,tn,fn:    [40.1, 4491.05, 5408.95, 59.9]
prid450 primed std tp,fp,tn,fn:     [15.07, 696.74, 696.74, 15.07]
prid450 primed detection rate (TP/(TP+FN)):      0.401
prid450 primed false alarm (FP/(FP+TN)):        0.453641414141
prid450 primed mean ranking:        [0.02, 0.03, 0.04, 0.05, 0.06, 0.08, 0.09, 0.1, 0.1, 0.11, 0.12, 0.12, 0.13, 0.14, 0.15, 0.16, 0.17, 0.18, 0.18, 0.2, 0.2, 0.21, 0.21, 0.22, 0.22, 0.23, 0.23, 0.24, 0.25, 0.25, 0.26, 0.27, 0.28, 0.28, 0.29, 0.3, 0.3, 0.31, 0.32, 0.33, 0.34, 0.34, 0.35, 0.36, 0.37, 0.38, 0.39, 0.4, 0.41, 0.42, 0.43, 0.44, 0.45, 0.46, 0.47, 0.49, 0.51, 0.52, 0.54, 0.55, 0.57, 0.58, 0.59, 0.6, 0.62, 0.63, 0.65, 0.66, 0.68, 0.69, 0.7, 0.71, 0.72, 0.74, 0.75, 0.76, 0.77, 0.79, 0.8, 0.81, 0.83, 0.84, 0.85, 0.86, 0.87, 0.88, 0.89, 0.9, 0.91, 0.92, 0.93, 0.94, 0.95, 0.96, 0.97, 0.98, 0.99, 0.99, 1.0, 1.0]
prid450 primed std ranking:         [0.02, 0.03, 0.03, 0.04, 0.04, 0.05, 0.06, 0.06, 0.07, 0.07, 0.07, 0.07, 0.08, 0.08, 0.09, 0.1, 0.11, 0.11, 0.12, 0.12, 0.12, 0.12, 0.13, 0.13, 0.13, 0.13, 0.14, 0.14, 0.14, 0.14, 0.15, 0.15, 0.15, 0.16, 0.16, 0.16, 0.17, 0.17, 0.17, 0.18, 0.18, 0.18, 0.18, 0.18, 0.19, 0.19, 0.19, 0.19, 0.19, 0.18, 0.18, 0.17, 0.17, 0.17, 0.17, 0.16, 0.16, 0.15, 0.15, 0.14, 0.14, 0.13, 0.13, 0.13, 0.13, 0.13, 0.12, 0.12, 0.12, 0.11, 0.11, 0.11, 0.1, 0.1, 0.09, 0.09, 0.09, 0.08, 0.08, 0.08, 0.07, 0.07, 0.07, 0.06, 0.06, 0.06, 0.05, 0.06, 0.05, 0.04, 0.04, 0.04, 0.03, 0.03, 0.02, 0.02, 0.01, 0.01, 0.01, 0.0]
