name_of_experiment:         experiment 16_3_0: priming on viper. epoch=10. LR=0.000001 
file_name:                  experiments_thesis.py
date:                       18/08/2017   22:20:40
duration:                   4401.259272
viper base mean tp,fp,tn,fn:    [60.45, 2204.7, 7695.3, 39.55]
viper base std tp,fp,tn,fn:     [13.95, 697.12, 697.12, 13.95]
viper base detection rate (TP/(TP+FN)):      0.6045
viper base false alarm (FP/(FP+TN)):        0.222696969697
viper base mean ranking:        [0.08, 0.14, 0.19, 0.24, 0.28, 0.31, 0.34, 0.36, 0.4, 0.43, 0.46, 0.48, 0.49, 0.51, 0.53, 0.55, 0.56, 0.58, 0.59, 0.61, 0.62, 0.64, 0.65, 0.67, 0.68, 0.69, 0.7, 0.71, 0.72, 0.73, 0.74, 0.75, 0.76, 0.77, 0.78, 0.78, 0.79, 0.8, 0.81, 0.82, 0.82, 0.83, 0.84, 0.84, 0.85, 0.85, 0.86, 0.87, 0.87, 0.88, 0.88, 0.89, 0.9, 0.9, 0.9, 0.91, 0.91, 0.91, 0.92, 0.92, 0.93, 0.93, 0.94, 0.94, 0.94, 0.95, 0.95, 0.95, 0.96, 0.96, 0.96, 0.96, 0.96, 0.97, 0.97, 0.97, 0.97, 0.98, 0.98, 0.98, 0.98, 0.98, 0.98, 0.98, 0.98, 0.99, 0.99, 0.99, 0.99, 0.99, 0.99, 0.99, 0.99, 0.99, 1.0, 1.0, 1.0, 1.0, 1.0, 1.0]
viper base std ranking:         [0.03, 0.05, 0.06, 0.06, 0.07, 0.08, 0.09, 0.1, 0.11, 0.11, 0.11, 0.11, 0.11, 0.11, 0.11, 0.11, 0.12, 0.12, 0.12, 0.12, 0.12, 0.12, 0.12, 0.12, 0.12, 0.11, 0.11, 0.11, 0.11, 0.11, 0.11, 0.11, 0.11, 0.11, 0.11, 0.11, 0.11, 0.11, 0.11, 0.1, 0.1, 0.1, 0.1, 0.1, 0.09, 0.09, 0.09, 0.08, 0.08, 0.08, 0.08, 0.08, 0.07, 0.07, 0.07, 0.06, 0.06, 0.06, 0.06, 0.05, 0.05, 0.05, 0.05, 0.05, 0.04, 0.04, 0.04, 0.04, 0.03, 0.03, 0.03, 0.03, 0.03, 0.02, 0.03, 0.02, 0.02, 0.02, 0.02, 0.02, 0.02, 0.02, 0.02, 0.02, 0.01, 0.01, 0.01, 0.01, 0.01, 0.01, 0.01, 0.01, 0.01, 0.01, 0.0, 0.0, 0.0, 0.0, 0.0, 0.0]
viper primed mean tp,fp,tn,fn:    [58.65, 4686.2, 5213.8, 41.35]
viper primed std tp,fp,tn,fn:     [13.73, 546.44, 546.44, 13.73]
viper primed detection rate (TP/(TP+FN)):      0.5865
viper primed false alarm (FP/(FP+TN)):        0.473353535354
viper primed mean ranking:        [0.02, 0.04, 0.06, 0.08, 0.09, 0.11, 0.13, 0.15, 0.17, 0.18, 0.2, 0.21, 0.22, 0.23, 0.24, 0.25, 0.26, 0.28, 0.29, 0.3, 0.31, 0.32, 0.33, 0.35, 0.36, 0.38, 0.39, 0.4, 0.41, 0.42, 0.43, 0.44, 0.45, 0.46, 0.47, 0.48, 0.49, 0.5, 0.51, 0.52, 0.53, 0.54, 0.55, 0.56, 0.57, 0.58, 0.59, 0.6, 0.61, 0.62, 0.63, 0.64, 0.65, 0.66, 0.66, 0.67, 0.68, 0.69, 0.7, 0.71, 0.72, 0.73, 0.74, 0.74, 0.76, 0.77, 0.78, 0.79, 0.79, 0.8, 0.81, 0.82, 0.83, 0.84, 0.85, 0.86, 0.87, 0.87, 0.88, 0.89, 0.9, 0.9, 0.91, 0.91, 0.92, 0.92, 0.92, 0.93, 0.93, 0.94, 0.95, 0.95, 0.96, 0.96, 0.97, 0.98, 0.98, 0.99, 0.99, 1.0]
viper primed std ranking:         [0.02, 0.02, 0.03, 0.04, 0.04, 0.04, 0.05, 0.05, 0.06, 0.06, 0.06, 0.06, 0.07, 0.07, 0.07, 0.07, 0.08, 0.08, 0.08, 0.08, 0.09, 0.1, 0.1, 0.11, 0.11, 0.11, 0.11, 0.11, 0.11, 0.12, 0.12, 0.12, 0.12, 0.12, 0.13, 0.13, 0.12, 0.13, 0.13, 0.13, 0.13, 0.13, 0.13, 0.13, 0.13, 0.13, 0.13, 0.13, 0.13, 0.12, 0.12, 0.12, 0.12, 0.11, 0.12, 0.11, 0.11, 0.11, 0.11, 0.1, 0.1, 0.1, 0.1, 0.1, 0.09, 0.09, 0.09, 0.09, 0.09, 0.09, 0.08, 0.08, 0.08, 0.07, 0.07, 0.06, 0.06, 0.06, 0.05, 0.05, 0.05, 0.05, 0.04, 0.04, 0.04, 0.04, 0.04, 0.04, 0.04, 0.03, 0.03, 0.03, 0.03, 0.02, 0.02, 0.02, 0.01, 0.01, 0.01, 0.0]


name_of_experiment:         experiment 16_3_1: priming on grid. epoch=10. LR=0.000001 
file_name:                  experiments_thesis.py
date:                       18/08/2017   19:49:12
duration:                   2167.628106
grid base mean tp,fp,tn,fn:    [69.1, 1763.75, 8136.25, 30.9]
grid base std tp,fp,tn,fn:     [6.8, 260.3, 260.3, 6.8]
grid base detection rate (TP/(TP+FN)):      0.691
grid base false alarm (FP/(FP+TN)):        0.178156565657
grid base mean ranking:        [0.1, 0.18, 0.26, 0.31, 0.36, 0.41, 0.45, 0.49, 0.52, 0.55, 0.57, 0.59, 0.61, 0.63, 0.65, 0.67, 0.69, 0.7, 0.71, 0.72, 0.74, 0.75, 0.76, 0.77, 0.79, 0.8, 0.81, 0.82, 0.82, 0.84, 0.84, 0.85, 0.86, 0.86, 0.87, 0.87, 0.88, 0.89, 0.89, 0.89, 0.9, 0.91, 0.91, 0.91, 0.92, 0.92, 0.93, 0.93, 0.94, 0.94, 0.94, 0.95, 0.95, 0.95, 0.95, 0.96, 0.96, 0.96, 0.96, 0.96, 0.97, 0.97, 0.97, 0.97, 0.97, 0.98, 0.98, 0.98, 0.98, 0.98, 0.98, 0.98, 0.98, 0.99, 0.99, 0.99, 0.99, 0.99, 0.99, 0.99, 0.99, 0.99, 0.99, 1.0, 1.0, 1.0, 1.0, 1.0, 1.0, 1.0, 1.0, 1.0, 1.0, 1.0, 1.0, 1.0, 1.0, 1.0, 1.0, 1.0]
grid base std ranking:         [0.03, 0.04, 0.04, 0.05, 0.05, 0.05, 0.05, 0.06, 0.06, 0.06, 0.06, 0.06, 0.06, 0.06, 0.06, 0.06, 0.06, 0.05, 0.06, 0.05, 0.05, 0.05, 0.05, 0.05, 0.05, 0.05, 0.04, 0.04, 0.04, 0.04, 0.04, 0.04, 0.04, 0.04, 0.04, 0.04, 0.04, 0.04, 0.04, 0.04, 0.03, 0.04, 0.04, 0.04, 0.03, 0.03, 0.03, 0.03, 0.03, 0.02, 0.02, 0.02, 0.02, 0.02, 0.02, 0.02, 0.02, 0.01, 0.01, 0.01, 0.01, 0.01, 0.01, 0.01, 0.01, 0.01, 0.01, 0.01, 0.01, 0.01, 0.01, 0.01, 0.01, 0.01, 0.01, 0.01, 0.01, 0.01, 0.01, 0.01, 0.01, 0.01, 0.01, 0.01, 0.01, 0.01, 0.0, 0.0, 0.0, 0.0, 0.0, 0.0, 0.0, 0.0, 0.0, 0.0, 0.0, 0.0, 0.0, 0.0]
grid primed mean tp,fp,tn,fn:    [64.0, 4160.3, 5739.7, 36.0]
grid primed std tp,fp,tn,fn:     [6.86, 303.15, 303.15, 6.86]
grid primed detection rate (TP/(TP+FN)):      0.64
grid primed false alarm (FP/(FP+TN)):        0.420232323232
grid primed mean ranking:        [0.04, 0.08, 0.1, 0.12, 0.15, 0.18, 0.2, 0.22, 0.23, 0.26, 0.27, 0.29, 0.31, 0.32, 0.33, 0.34, 0.36, 0.37, 0.39, 0.4, 0.41, 0.43, 0.44, 0.46, 0.47, 0.48, 0.5, 0.51, 0.52, 0.53, 0.54, 0.56, 0.56, 0.57, 0.58, 0.59, 0.6, 0.61, 0.62, 0.63, 0.64, 0.65, 0.66, 0.67, 0.68, 0.68, 0.7, 0.7, 0.71, 0.72, 0.73, 0.74, 0.75, 0.76, 0.77, 0.77, 0.79, 0.79, 0.8, 0.81, 0.82, 0.82, 0.83, 0.84, 0.85, 0.85, 0.86, 0.86, 0.87, 0.88, 0.89, 0.89, 0.89, 0.9, 0.9, 0.91, 0.91, 0.92, 0.93, 0.93, 0.93, 0.94, 0.94, 0.95, 0.95, 0.95, 0.95, 0.96, 0.96, 0.97, 0.97, 0.98, 0.98, 0.98, 0.99, 0.99, 0.99, 0.99, 1.0, 1.0]
grid primed std ranking:         [0.02, 0.02, 0.03, 0.04, 0.03, 0.04, 0.05, 0.05, 0.06, 0.05, 0.06, 0.05, 0.06, 0.05, 0.06, 0.06, 0.06, 0.06, 0.06, 0.07, 0.07, 0.07, 0.07, 0.07, 0.07, 0.07, 0.07, 0.07, 0.07, 0.07, 0.08, 0.08, 0.07, 0.07, 0.07, 0.07, 0.07, 0.07, 0.07, 0.06, 0.06, 0.06, 0.06, 0.06, 0.06, 0.06, 0.06, 0.06, 0.06, 0.05, 0.05, 0.06, 0.06, 0.06, 0.06, 0.06, 0.06, 0.06, 0.06, 0.06, 0.06, 0.05, 0.05, 0.05, 0.05, 0.05, 0.05, 0.05, 0.05, 0.05, 0.04, 0.04, 0.05, 0.04, 0.04, 0.04, 0.04, 0.03, 0.03, 0.03, 0.03, 0.03, 0.02, 0.02, 0.02, 0.02, 0.02, 0.02, 0.02, 0.02, 0.01, 0.01, 0.01, 0.01, 0.01, 0.01, 0.01, 0.01, 0.01, 0.0]


name_of_experiment:         experiment 16_3_2: priming on prid450. epoch=10. LR=0.000001 
file_name:                  experiments_thesis.py
date:                       18/08/2017   21:12:44
duration:                   3427.639422
prid450 base mean tp,fp,tn,fn:    [60.85, 2015.4, 7884.6, 39.15]
prid450 base std tp,fp,tn,fn:     [10.72, 582.61, 582.61, 10.72]
prid450 base detection rate (TP/(TP+FN)):      0.6085
prid450 base false alarm (FP/(FP+TN)):        0.203575757576
prid450 base mean ranking:        [0.09, 0.15, 0.2, 0.24, 0.28, 0.31, 0.34, 0.37, 0.4, 0.42, 0.44, 0.47, 0.48, 0.51, 0.52, 0.54, 0.56, 0.57, 0.59, 0.61, 0.62, 0.63, 0.65, 0.66, 0.68, 0.69, 0.7, 0.71, 0.72, 0.73, 0.74, 0.75, 0.76, 0.77, 0.79, 0.79, 0.8, 0.82, 0.83, 0.84, 0.85, 0.85, 0.86, 0.87, 0.87, 0.88, 0.88, 0.89, 0.9, 0.91, 0.92, 0.92, 0.92, 0.93, 0.93, 0.94, 0.94, 0.94, 0.95, 0.95, 0.95, 0.96, 0.96, 0.96, 0.96, 0.96, 0.97, 0.97, 0.98, 0.98, 0.98, 0.98, 0.98, 0.98, 0.98, 0.99, 0.99, 0.99, 0.99, 0.99, 0.99, 0.99, 1.0, 1.0, 1.0, 1.0, 1.0, 1.0, 1.0, 1.0, 1.0, 1.0, 1.0, 1.0, 1.0, 1.0, 1.0, 1.0, 1.0, 1.0]
prid450 base std ranking:         [0.04, 0.05, 0.06, 0.06, 0.07, 0.07, 0.07, 0.07, 0.07, 0.07, 0.08, 0.08, 0.08, 0.08, 0.08, 0.08, 0.08, 0.08, 0.07, 0.08, 0.07, 0.07, 0.07, 0.07, 0.07, 0.06, 0.06, 0.06, 0.06, 0.06, 0.06, 0.06, 0.06, 0.06, 0.06, 0.06, 0.06, 0.06, 0.05, 0.05, 0.05, 0.05, 0.05, 0.05, 0.05, 0.05, 0.05, 0.05, 0.05, 0.04, 0.04, 0.04, 0.04, 0.04, 0.04, 0.04, 0.03, 0.03, 0.03, 0.03, 0.03, 0.03, 0.03, 0.02, 0.03, 0.03, 0.03, 0.02, 0.02, 0.02, 0.02, 0.01, 0.01, 0.01, 0.01, 0.01, 0.01, 0.01, 0.01, 0.01, 0.01, 0.01, 0.01, 0.01, 0.01, 0.01, 0.0, 0.0, 0.0, 0.0, 0.0, 0.0, 0.0, 0.0, 0.0, 0.0, 0.0, 0.0, 0.0, 0.0]
prid450 primed mean tp,fp,tn,fn:    [45.35, 4744.75, 5155.25, 54.65]
prid450 primed std tp,fp,tn,fn:     [15.28, 772.72, 772.72, 15.28]
prid450 primed detection rate (TP/(TP+FN)):      0.4535
prid450 primed false alarm (FP/(FP+TN)):        0.479267676768
prid450 primed mean ranking:        [0.02, 0.03, 0.05, 0.06, 0.07, 0.09, 0.1, 0.1, 0.12, 0.13, 0.13, 0.14, 0.15, 0.15, 0.16, 0.17, 0.18, 0.19, 0.2, 0.21, 0.22, 0.23, 0.24, 0.25, 0.26, 0.26, 0.27, 0.28, 0.29, 0.3, 0.3, 0.31, 0.31, 0.32, 0.33, 0.33, 0.34, 0.35, 0.36, 0.37, 0.37, 0.38, 0.39, 0.39, 0.4, 0.42, 0.43, 0.44, 0.45, 0.47, 0.48, 0.49, 0.5, 0.51, 0.52, 0.53, 0.54, 0.56, 0.57, 0.58, 0.59, 0.6, 0.61, 0.63, 0.64, 0.65, 0.66, 0.67, 0.68, 0.69, 0.71, 0.72, 0.73, 0.74, 0.75, 0.76, 0.78, 0.79, 0.8, 0.81, 0.82, 0.83, 0.84, 0.86, 0.87, 0.89, 0.9, 0.9, 0.92, 0.93, 0.93, 0.94, 0.95, 0.95, 0.97, 0.97, 0.98, 0.99, 0.99, 1.0]
prid450 primed std ranking:         [0.01, 0.02, 0.02, 0.03, 0.04, 0.04, 0.05, 0.05, 0.06, 0.06, 0.06, 0.06, 0.07, 0.07, 0.08, 0.09, 0.09, 0.09, 0.09, 0.1, 0.1, 0.1, 0.11, 0.11, 0.11, 0.11, 0.12, 0.12, 0.13, 0.13, 0.13, 0.13, 0.13, 0.13, 0.14, 0.14, 0.14, 0.14, 0.15, 0.15, 0.15, 0.16, 0.16, 0.16, 0.15, 0.16, 0.16, 0.16, 0.16, 0.15, 0.15, 0.15, 0.15, 0.15, 0.15, 0.15, 0.15, 0.14, 0.14, 0.14, 0.13, 0.13, 0.13, 0.13, 0.12, 0.12, 0.12, 0.11, 0.11, 0.11, 0.1, 0.1, 0.1, 0.1, 0.1, 0.09, 0.09, 0.09, 0.08, 0.08, 0.08, 0.07, 0.07, 0.06, 0.06, 0.05, 0.05, 0.05, 0.04, 0.04, 0.03, 0.03, 0.03, 0.03, 0.03, 0.02, 0.02, 0.01, 0.01, 0.0]
