name_of_experiment:         experiment 17_0: test=viper, train=[grid, prid450, market, cuhk02], with batchnorm, neural_d=concatenate
file_name:                  siamese_cnn_image.pyc
date:                       19/08/2017   16:50:45
duration:                   83957.431777
viper mean tp,fp,tn,fn:    [74.8, 1575.9, 8324.1, 25.2]
viper std tp,fp,tn,fn:     [13.42, 531.02, 531.02, 13.42]
viper detection rate (TP/(TP+FN)):      0.748
viper false alarm (FP/(FP+TN)):        0.159181818182
viper mean ranking:        [0.18, 0.28, 0.36, 0.43, 0.48, 0.52, 0.55, 0.58, 0.61, 0.64, 0.66, 0.68, 0.7, 0.72, 0.74, 0.75, 0.76, 0.77, 0.79, 0.8, 0.81, 0.82, 0.83, 0.84, 0.85, 0.85, 0.86, 0.87, 0.88, 0.88, 0.89, 0.89, 0.9, 0.9, 0.9, 0.91, 0.91, 0.92, 0.92, 0.92, 0.93, 0.93, 0.94, 0.94, 0.94, 0.95, 0.95, 0.95, 0.95, 0.95, 0.96, 0.96, 0.96, 0.96, 0.97, 0.97, 0.97, 0.97, 0.97, 0.97, 0.97, 0.97, 0.97, 0.98, 0.98, 0.98, 0.98, 0.98, 0.98, 0.98, 0.98, 0.99, 0.99, 0.99, 0.99, 0.99, 0.99, 0.99, 0.99, 0.99, 0.99, 0.99, 1.0, 1.0, 1.0, 1.0, 1.0, 1.0, 1.0, 1.0, 1.0, 1.0, 1.0, 1.0, 1.0, 1.0, 1.0, 1.0, 1.0, 1.0]
viper std ranking:         [0.05, 0.07, 0.09, 0.11, 0.11, 0.12, 0.13, 0.13, 0.14, 0.13, 0.13, 0.14, 0.14, 0.14, 0.14, 0.14, 0.15, 0.15, 0.15, 0.15, 0.14, 0.14, 0.14, 0.14, 0.14, 0.13, 0.13, 0.12, 0.12, 0.11, 0.11, 0.1, 0.1, 0.1, 0.1, 0.1, 0.1, 0.1, 0.1, 0.09, 0.09, 0.09, 0.09, 0.09, 0.08, 0.08, 0.08, 0.08, 0.07, 0.07, 0.06, 0.05, 0.05, 0.05, 0.05, 0.05, 0.05, 0.04, 0.04, 0.04, 0.04, 0.04, 0.04, 0.04, 0.03, 0.03, 0.03, 0.03, 0.03, 0.03, 0.03, 0.03, 0.02, 0.02, 0.02, 0.02, 0.02, 0.01, 0.01, 0.01, 0.01, 0.01, 0.01, 0.01, 0.01, 0.01, 0.01, 0.01, 0.0, 0.0, 0.0, 0.0, 0.0, 0.0, 0.0, 0.0, 0.0, 0.0, 0.0, 0.0]
viper G mean tp,fp,tn,fn:    [74.8, 143.3, 756.7, 25.2]
viper G std tp,fp,tn,fn:     [13.42, 52.23, 52.23, 13.42]


name_of_experiment:         experiment 17_1: test=grid, train=[viper, prid450, market, cuhk02], with batchnorm, neural_d=concatenate
file_name:                  siamese_cnn_image.pyc
date:                       20/08/2017   16:05:51
duration:                   83699.101106
grid mean tp,fp,tn,fn:    [80.7, 1988.5, 7911.5, 19.3]
grid std tp,fp,tn,fn:     [4.84, 450.54, 450.54, 4.84]
grid detection rate (TP/(TP+FN)):      0.807
grid false alarm (FP/(FP+TN)):        0.200858585859
grid mean ranking:        [0.19, 0.28, 0.35, 0.39, 0.45, 0.5, 0.53, 0.57, 0.6, 0.63, 0.66, 0.68, 0.7, 0.72, 0.75, 0.77, 0.78, 0.8, 0.81, 0.82, 0.83, 0.84, 0.85, 0.86, 0.87, 0.88, 0.88, 0.89, 0.9, 0.9, 0.91, 0.91, 0.92, 0.92, 0.93, 0.93, 0.94, 0.94, 0.94, 0.95, 0.95, 0.95, 0.95, 0.96, 0.96, 0.96, 0.96, 0.97, 0.97, 0.97, 0.97, 0.98, 0.98, 0.98, 0.98, 0.98, 0.98, 0.98, 0.98, 0.98, 0.99, 0.99, 0.99, 0.99, 0.99, 0.99, 0.99, 0.99, 0.99, 0.99, 0.99, 0.99, 0.99, 0.99, 0.99, 1.0, 1.0, 1.0, 1.0, 1.0, 1.0, 1.0, 1.0, 1.0, 1.0, 1.0, 1.0, 1.0, 1.0, 1.0, 1.0, 1.0, 1.0, 1.0, 1.0, 1.0, 1.0, 1.0, 1.0, 1.0]
grid std ranking:         [0.03, 0.04, 0.04, 0.05, 0.06, 0.05, 0.05, 0.05, 0.05, 0.05, 0.05, 0.04, 0.05, 0.05, 0.05, 0.04, 0.04, 0.04, 0.04, 0.04, 0.04, 0.03, 0.03, 0.03, 0.03, 0.03, 0.02, 0.02, 0.02, 0.02, 0.02, 0.02, 0.02, 0.02, 0.02, 0.02, 0.02, 0.02, 0.02, 0.02, 0.02, 0.01, 0.01, 0.01, 0.01, 0.01, 0.01, 0.01, 0.01, 0.01, 0.01, 0.01, 0.01, 0.01, 0.01, 0.01, 0.01, 0.01, 0.01, 0.01, 0.01, 0.01, 0.01, 0.01, 0.01, 0.01, 0.01, 0.01, 0.01, 0.01, 0.01, 0.01, 0.01, 0.01, 0.01, 0.01, 0.01, 0.01, 0.01, 0.01, 0.01, 0.01, 0.01, 0.01, 0.0, 0.0, 0.0, 0.0, 0.0, 0.0, 0.0, 0.0, 0.0, 0.0, 0.0, 0.0, 0.0, 0.0, 0.0, 0.0]
grid G mean tp,fp,tn,fn:    [80.7, 168.35, 731.65, 19.3]
grid G std tp,fp,tn,fn:     [4.84, 52.15, 52.15, 4.84]
