name_of_experiment:         experiment 18_0_0: priming on viper. epoch=5. CLR w same min max vals
file_name:                  experiments_thesis.py
date:                       18/08/2017   23:06:00
duration:                   2713.372960
viper base mean tp,fp,tn,fn:    [67.15, 3445.7, 6454.3, 32.85]
viper base std tp,fp,tn,fn:     [18.02, 1061.69, 1061.69, 18.02]
viper base detection rate (TP/(TP+FN)):      0.6715
viper base false alarm (FP/(FP+TN)):        0.348050505051
viper base mean ranking:        [0.06, 0.09, 0.13, 0.17, 0.19, 0.22, 0.25, 0.27, 0.29, 0.32, 0.34, 0.36, 0.38, 0.4, 0.42, 0.44, 0.46, 0.48, 0.49, 0.51, 0.52, 0.53, 0.55, 0.56, 0.58, 0.59, 0.61, 0.62, 0.63, 0.64, 0.66, 0.67, 0.68, 0.68, 0.69, 0.7, 0.71, 0.72, 0.73, 0.74, 0.75, 0.76, 0.77, 0.78, 0.79, 0.8, 0.8, 0.81, 0.82, 0.82, 0.83, 0.84, 0.84, 0.85, 0.86, 0.86, 0.87, 0.88, 0.88, 0.89, 0.89, 0.9, 0.9, 0.91, 0.91, 0.91, 0.92, 0.93, 0.93, 0.93, 0.94, 0.94, 0.95, 0.95, 0.95, 0.96, 0.96, 0.97, 0.97, 0.97, 0.97, 0.98, 0.98, 0.98, 0.99, 0.99, 0.99, 0.99, 0.99, 0.99, 0.99, 0.99, 0.99, 1.0, 1.0, 1.0, 1.0, 1.0, 1.0, 1.0]
viper base std ranking:         [0.03, 0.04, 0.05, 0.07, 0.08, 0.08, 0.09, 0.1, 0.1, 0.11, 0.11, 0.11, 0.12, 0.12, 0.12, 0.12, 0.13, 0.13, 0.13, 0.14, 0.14, 0.14, 0.14, 0.14, 0.14, 0.14, 0.14, 0.15, 0.15, 0.15, 0.15, 0.15, 0.15, 0.15, 0.15, 0.15, 0.15, 0.15, 0.15, 0.15, 0.14, 0.14, 0.14, 0.14, 0.14, 0.14, 0.13, 0.13, 0.13, 0.13, 0.12, 0.12, 0.13, 0.12, 0.12, 0.12, 0.11, 0.11, 0.1, 0.1, 0.1, 0.1, 0.1, 0.1, 0.09, 0.08, 0.08, 0.08, 0.08, 0.08, 0.07, 0.07, 0.06, 0.06, 0.05, 0.05, 0.05, 0.05, 0.04, 0.04, 0.03, 0.03, 0.03, 0.03, 0.02, 0.02, 0.02, 0.02, 0.01, 0.01, 0.01, 0.01, 0.01, 0.01, 0.01, 0.0, 0.0, 0.0, 0.0, 0.0]
viper primed mean tp,fp,tn,fn:    [58.05, 5219.95, 4680.05, 41.95]
viper primed std tp,fp,tn,fn:     [14.91, 683.84, 683.84, 14.91]
viper primed detection rate (TP/(TP+FN)):      0.5805
viper primed false alarm (FP/(FP+TN)):        0.527267676768
viper primed mean ranking:        [0.01, 0.03, 0.04, 0.06, 0.07, 0.08, 0.1, 0.11, 0.12, 0.14, 0.15, 0.17, 0.18, 0.19, 0.21, 0.22, 0.23, 0.24, 0.25, 0.26, 0.27, 0.28, 0.29, 0.3, 0.31, 0.33, 0.33, 0.35, 0.36, 0.37, 0.38, 0.39, 0.4, 0.41, 0.42, 0.43, 0.45, 0.45, 0.46, 0.47, 0.48, 0.49, 0.5, 0.51, 0.52, 0.53, 0.55, 0.55, 0.56, 0.57, 0.58, 0.59, 0.61, 0.62, 0.63, 0.64, 0.65, 0.66, 0.67, 0.68, 0.69, 0.7, 0.71, 0.71, 0.73, 0.74, 0.74, 0.76, 0.77, 0.77, 0.78, 0.79, 0.8, 0.81, 0.82, 0.83, 0.84, 0.84, 0.85, 0.86, 0.87, 0.88, 0.89, 0.89, 0.9, 0.91, 0.91, 0.92, 0.93, 0.93, 0.94, 0.95, 0.95, 0.96, 0.97, 0.97, 0.98, 0.99, 0.99, 1.0]
viper primed std ranking:         [0.01, 0.01, 0.02, 0.02, 0.02, 0.03, 0.03, 0.04, 0.04, 0.05, 0.06, 0.06, 0.06, 0.06, 0.07, 0.07, 0.08, 0.08, 0.08, 0.08, 0.08, 0.09, 0.09, 0.1, 0.1, 0.11, 0.11, 0.11, 0.11, 0.11, 0.12, 0.12, 0.13, 0.13, 0.13, 0.14, 0.14, 0.14, 0.14, 0.14, 0.14, 0.14, 0.14, 0.14, 0.14, 0.14, 0.14, 0.14, 0.14, 0.14, 0.14, 0.14, 0.13, 0.13, 0.13, 0.13, 0.12, 0.12, 0.12, 0.12, 0.11, 0.11, 0.11, 0.11, 0.11, 0.11, 0.1, 0.09, 0.09, 0.08, 0.08, 0.08, 0.07, 0.07, 0.07, 0.07, 0.07, 0.07, 0.06, 0.06, 0.06, 0.06, 0.05, 0.05, 0.05, 0.04, 0.04, 0.04, 0.03, 0.03, 0.03, 0.03, 0.03, 0.02, 0.02, 0.02, 0.01, 0.01, 0.01, 0.0]


name_of_experiment:         experiment 18_0_1: priming on grid. epoch=5. CLR w same min max vals
file_name:                  experiments_thesis.py
date:                       18/08/2017   20:15:29
duration:                   1570.249819
grid base mean tp,fp,tn,fn:    [70.9, 2580.95, 7319.05, 29.1]
grid base std tp,fp,tn,fn:     [7.02, 434.46, 434.46, 7.02]
grid base detection rate (TP/(TP+FN)):      0.709
grid base false alarm (FP/(FP+TN)):        0.260702020202
grid base mean ranking:        [0.07, 0.12, 0.17, 0.22, 0.26, 0.3, 0.34, 0.37, 0.41, 0.43, 0.47, 0.49, 0.52, 0.54, 0.56, 0.58, 0.6, 0.62, 0.63, 0.64, 0.66, 0.67, 0.69, 0.7, 0.71, 0.72, 0.73, 0.74, 0.75, 0.76, 0.77, 0.77, 0.78, 0.79, 0.8, 0.81, 0.82, 0.83, 0.84, 0.84, 0.85, 0.86, 0.87, 0.87, 0.88, 0.88, 0.89, 0.89, 0.9, 0.9, 0.9, 0.91, 0.91, 0.92, 0.93, 0.93, 0.94, 0.94, 0.94, 0.95, 0.95, 0.95, 0.95, 0.96, 0.96, 0.96, 0.96, 0.97, 0.97, 0.97, 0.97, 0.97, 0.97, 0.98, 0.98, 0.98, 0.98, 0.98, 0.98, 0.98, 0.98, 0.99, 0.99, 0.99, 0.99, 0.99, 0.99, 0.99, 0.99, 1.0, 1.0, 1.0, 1.0, 1.0, 1.0, 1.0, 1.0, 1.0, 1.0, 1.0]
grid base std ranking:         [0.03, 0.03, 0.04, 0.05, 0.05, 0.05, 0.05, 0.05, 0.06, 0.06, 0.06, 0.06, 0.06, 0.06, 0.06, 0.07, 0.07, 0.07, 0.06, 0.06, 0.06, 0.06, 0.07, 0.06, 0.06, 0.06, 0.06, 0.05, 0.05, 0.06, 0.05, 0.05, 0.05, 0.05, 0.05, 0.04, 0.05, 0.04, 0.04, 0.04, 0.04, 0.04, 0.04, 0.04, 0.04, 0.03, 0.03, 0.03, 0.03, 0.03, 0.03, 0.03, 0.03, 0.03, 0.03, 0.03, 0.03, 0.03, 0.03, 0.03, 0.03, 0.03, 0.02, 0.02, 0.02, 0.02, 0.02, 0.02, 0.02, 0.02, 0.02, 0.01, 0.01, 0.02, 0.01, 0.01, 0.01, 0.01, 0.01, 0.01, 0.01, 0.01, 0.01, 0.01, 0.01, 0.01, 0.01, 0.01, 0.01, 0.0, 0.0, 0.0, 0.0, 0.0, 0.0, 0.0, 0.0, 0.0, 0.0, 0.0]
grid primed mean tp,fp,tn,fn:    [68.4, 4939.35, 4960.65, 31.6]
grid primed std tp,fp,tn,fn:     [6.36, 309.69, 309.69, 6.36]
grid primed detection rate (TP/(TP+FN)):      0.684
grid primed false alarm (FP/(FP+TN)):        0.498924242424
grid primed mean ranking:        [0.02, 0.05, 0.07, 0.09, 0.11, 0.14, 0.16, 0.18, 0.2, 0.22, 0.24, 0.25, 0.26, 0.28, 0.3, 0.32, 0.33, 0.34, 0.36, 0.37, 0.39, 0.41, 0.42, 0.43, 0.45, 0.46, 0.47, 0.49, 0.5, 0.51, 0.52, 0.53, 0.54, 0.55, 0.56, 0.56, 0.58, 0.59, 0.6, 0.61, 0.62, 0.63, 0.63, 0.64, 0.66, 0.66, 0.67, 0.68, 0.69, 0.7, 0.7, 0.71, 0.72, 0.73, 0.74, 0.75, 0.76, 0.77, 0.78, 0.78, 0.79, 0.8, 0.81, 0.81, 0.82, 0.82, 0.83, 0.84, 0.84, 0.85, 0.86, 0.86, 0.87, 0.87, 0.88, 0.88, 0.89, 0.89, 0.9, 0.91, 0.91, 0.92, 0.92, 0.93, 0.93, 0.94, 0.94, 0.95, 0.95, 0.96, 0.96, 0.97, 0.97, 0.98, 0.98, 0.99, 0.99, 0.99, 0.99, 1.0]
grid primed std ranking:         [0.02, 0.03, 0.03, 0.04, 0.04, 0.05, 0.05, 0.06, 0.06, 0.06, 0.06, 0.06, 0.06, 0.06, 0.07, 0.06, 0.06, 0.06, 0.06, 0.06, 0.06, 0.06, 0.06, 0.06, 0.06, 0.05, 0.06, 0.06, 0.06, 0.06, 0.06, 0.06, 0.06, 0.06, 0.06, 0.06, 0.06, 0.06, 0.07, 0.07, 0.06, 0.07, 0.07, 0.07, 0.06, 0.06, 0.06, 0.06, 0.06, 0.06, 0.06, 0.06, 0.05, 0.05, 0.05, 0.05, 0.05, 0.05, 0.05, 0.05, 0.05, 0.05, 0.04, 0.04, 0.04, 0.04, 0.04, 0.04, 0.04, 0.04, 0.04, 0.04, 0.04, 0.04, 0.04, 0.04, 0.03, 0.04, 0.04, 0.03, 0.03, 0.03, 0.03, 0.03, 0.02, 0.02, 0.02, 0.02, 0.02, 0.02, 0.03, 0.02, 0.02, 0.01, 0.01, 0.01, 0.01, 0.01, 0.01, 0.0]


name_of_experiment:         experiment 18_0_2: priming on prid450. epoch=5. CLR w same min max vals
file_name:                  experiments_thesis.py
date:                       18/08/2017   21:49:47
duration:                   2215.957295
prid450 base mean tp,fp,tn,fn:    [77.65, 3730.95, 6169.05, 22.35]
prid450 base std tp,fp,tn,fn:     [8.67, 714.45, 714.45, 8.67]
prid450 base detection rate (TP/(TP+FN)):      0.7765
prid450 base false alarm (FP/(FP+TN)):        0.376863636364
prid450 base mean ranking:        [0.06, 0.1, 0.14, 0.17, 0.21, 0.24, 0.25, 0.28, 0.31, 0.33, 0.34, 0.36, 0.38, 0.4, 0.42, 0.44, 0.46, 0.48, 0.49, 0.51, 0.52, 0.54, 0.55, 0.56, 0.58, 0.59, 0.6, 0.62, 0.63, 0.65, 0.66, 0.67, 0.69, 0.69, 0.71, 0.72, 0.74, 0.74, 0.76, 0.77, 0.78, 0.79, 0.79, 0.81, 0.82, 0.83, 0.84, 0.85, 0.85, 0.86, 0.87, 0.87, 0.88, 0.89, 0.9, 0.9, 0.91, 0.91, 0.92, 0.92, 0.93, 0.93, 0.94, 0.94, 0.95, 0.95, 0.96, 0.96, 0.96, 0.97, 0.97, 0.97, 0.97, 0.98, 0.98, 0.98, 0.98, 0.98, 0.99, 0.99, 0.99, 0.99, 0.99, 0.99, 0.99, 1.0, 1.0, 1.0, 1.0, 1.0, 1.0, 1.0, 1.0, 1.0, 1.0, 1.0, 1.0, 1.0, 1.0, 1.0]
prid450 base std ranking:         [0.03, 0.05, 0.06, 0.06, 0.07, 0.08, 0.08, 0.09, 0.09, 0.09, 0.09, 0.08, 0.08, 0.08, 0.08, 0.08, 0.08, 0.08, 0.07, 0.07, 0.07, 0.07, 0.07, 0.07, 0.07, 0.07, 0.07, 0.07, 0.07, 0.07, 0.06, 0.06, 0.06, 0.06, 0.06, 0.06, 0.06, 0.06, 0.06, 0.06, 0.06, 0.06, 0.06, 0.06, 0.06, 0.06, 0.06, 0.06, 0.05, 0.05, 0.05, 0.05, 0.05, 0.04, 0.04, 0.04, 0.04, 0.03, 0.03, 0.03, 0.03, 0.03, 0.03, 0.02, 0.03, 0.02, 0.02, 0.02, 0.02, 0.02, 0.02, 0.02, 0.02, 0.01, 0.01, 0.01, 0.01, 0.01, 0.01, 0.01, 0.01, 0.01, 0.01, 0.01, 0.01, 0.01, 0.01, 0.01, 0.01, 0.0, 0.0, 0.0, 0.0, 0.0, 0.0, 0.0, 0.0, 0.0, 0.0, 0.0]
prid450 primed mean tp,fp,tn,fn:    [46.35, 5325.65, 4574.35, 53.65]
prid450 primed std tp,fp,tn,fn:     [17.06, 632.92, 632.92, 17.06]
prid450 primed detection rate (TP/(TP+FN)):      0.4635
prid450 primed false alarm (FP/(FP+TN)):        0.537944444444
prid450 primed mean ranking:        [0.02, 0.03, 0.04, 0.06, 0.07, 0.08, 0.09, 0.1, 0.1, 0.11, 0.12, 0.13, 0.13, 0.14, 0.15, 0.16, 0.17, 0.17, 0.18, 0.19, 0.2, 0.21, 0.21, 0.22, 0.22, 0.23, 0.23, 0.24, 0.25, 0.25, 0.26, 0.27, 0.28, 0.28, 0.29, 0.3, 0.3, 0.31, 0.32, 0.32, 0.33, 0.34, 0.35, 0.36, 0.37, 0.38, 0.39, 0.39, 0.4, 0.41, 0.43, 0.44, 0.45, 0.46, 0.47, 0.49, 0.51, 0.52, 0.53, 0.54, 0.54, 0.55, 0.57, 0.58, 0.59, 0.6, 0.61, 0.62, 0.64, 0.66, 0.67, 0.68, 0.69, 0.7, 0.72, 0.73, 0.74, 0.76, 0.77, 0.79, 0.8, 0.81, 0.83, 0.84, 0.85, 0.86, 0.87, 0.88, 0.89, 0.9, 0.92, 0.92, 0.94, 0.95, 0.96, 0.97, 0.98, 0.99, 0.99, 1.0]
prid450 primed std ranking:         [0.01, 0.02, 0.03, 0.03, 0.04, 0.04, 0.05, 0.05, 0.06, 0.06, 0.06, 0.06, 0.07, 0.07, 0.08, 0.08, 0.09, 0.1, 0.1, 0.1, 0.11, 0.11, 0.11, 0.11, 0.11, 0.11, 0.11, 0.12, 0.12, 0.12, 0.12, 0.13, 0.13, 0.13, 0.13, 0.13, 0.13, 0.13, 0.14, 0.14, 0.14, 0.14, 0.14, 0.15, 0.15, 0.15, 0.15, 0.15, 0.15, 0.15, 0.15, 0.15, 0.14, 0.14, 0.14, 0.14, 0.13, 0.13, 0.12, 0.12, 0.12, 0.12, 0.12, 0.12, 0.11, 0.11, 0.11, 0.11, 0.1, 0.1, 0.1, 0.09, 0.09, 0.09, 0.09, 0.09, 0.08, 0.07, 0.07, 0.07, 0.06, 0.06, 0.06, 0.05, 0.05, 0.05, 0.04, 0.04, 0.03, 0.03, 0.03, 0.03, 0.02, 0.02, 0.01, 0.01, 0.01, 0.01, 0.01, 0.0]
