name_of_experiment:         experiment 18_1_0: priming on viper. epoch=10. CLR w same min max vals
file_name:                  experiments_thesis.py
date:                       18/08/2017   23:54:50
duration:                   2923.380014
viper base mean tp,fp,tn,fn:    [65.65, 3694.95, 6205.05, 34.35]
viper base std tp,fp,tn,fn:     [21.8, 906.52, 906.52, 21.8]
viper base detection rate (TP/(TP+FN)):      0.6565
viper base false alarm (FP/(FP+TN)):        0.373227272727
viper base mean ranking:        [0.05, 0.1, 0.13, 0.16, 0.19, 0.22, 0.25, 0.27, 0.3, 0.32, 0.34, 0.36, 0.38, 0.39, 0.41, 0.42, 0.44, 0.45, 0.47, 0.48, 0.5, 0.51, 0.52, 0.53, 0.54, 0.56, 0.57, 0.58, 0.59, 0.6, 0.61, 0.62, 0.63, 0.64, 0.65, 0.66, 0.67, 0.68, 0.69, 0.7, 0.71, 0.72, 0.73, 0.74, 0.75, 0.75, 0.76, 0.76, 0.77, 0.78, 0.78, 0.79, 0.8, 0.8, 0.81, 0.82, 0.82, 0.83, 0.84, 0.84, 0.85, 0.86, 0.86, 0.87, 0.87, 0.88, 0.89, 0.89, 0.9, 0.9, 0.91, 0.91, 0.92, 0.92, 0.93, 0.93, 0.93, 0.93, 0.94, 0.94, 0.95, 0.95, 0.96, 0.96, 0.97, 0.97, 0.97, 0.98, 0.98, 0.98, 0.98, 0.99, 0.99, 0.99, 0.99, 0.99, 0.99, 1.0, 1.0, 1.0]
viper base std ranking:         [0.02, 0.04, 0.05, 0.06, 0.08, 0.08, 0.09, 0.1, 0.12, 0.12, 0.13, 0.13, 0.13, 0.13, 0.14, 0.14, 0.14, 0.15, 0.16, 0.16, 0.17, 0.17, 0.17, 0.17, 0.17, 0.18, 0.18, 0.18, 0.18, 0.18, 0.18, 0.18, 0.18, 0.19, 0.19, 0.19, 0.18, 0.19, 0.19, 0.19, 0.19, 0.19, 0.19, 0.19, 0.19, 0.18, 0.18, 0.18, 0.18, 0.18, 0.17, 0.17, 0.17, 0.17, 0.16, 0.16, 0.15, 0.15, 0.14, 0.14, 0.14, 0.14, 0.14, 0.13, 0.13, 0.13, 0.12, 0.12, 0.11, 0.1, 0.1, 0.1, 0.09, 0.09, 0.08, 0.08, 0.07, 0.07, 0.07, 0.06, 0.06, 0.05, 0.05, 0.05, 0.04, 0.04, 0.03, 0.03, 0.03, 0.02, 0.02, 0.02, 0.02, 0.01, 0.01, 0.01, 0.01, 0.01, 0.0, 0.0]
viper primed mean tp,fp,tn,fn:    [62.15, 5769.65, 4130.35, 37.85]
viper primed std tp,fp,tn,fn:     [10.47, 514.92, 514.92, 10.47]
viper primed detection rate (TP/(TP+FN)):      0.6215
viper primed false alarm (FP/(FP+TN)):        0.582792929293
viper primed mean ranking:        [0.02, 0.03, 0.04, 0.06, 0.06, 0.08, 0.09, 0.11, 0.12, 0.13, 0.14, 0.15, 0.16, 0.17, 0.18, 0.19, 0.21, 0.22, 0.23, 0.24, 0.26, 0.27, 0.28, 0.3, 0.31, 0.32, 0.33, 0.34, 0.34, 0.35, 0.36, 0.37, 0.38, 0.39, 0.4, 0.41, 0.42, 0.43, 0.44, 0.44, 0.45, 0.47, 0.48, 0.49, 0.5, 0.5, 0.52, 0.53, 0.53, 0.54, 0.55, 0.57, 0.58, 0.59, 0.59, 0.6, 0.61, 0.62, 0.63, 0.64, 0.65, 0.66, 0.67, 0.67, 0.69, 0.7, 0.71, 0.72, 0.73, 0.74, 0.75, 0.76, 0.77, 0.77, 0.78, 0.79, 0.8, 0.81, 0.82, 0.82, 0.83, 0.84, 0.85, 0.86, 0.86, 0.88, 0.88, 0.9, 0.91, 0.92, 0.93, 0.93, 0.94, 0.95, 0.96, 0.96, 0.97, 0.98, 0.99, 1.0]
viper primed std ranking:         [0.01, 0.02, 0.02, 0.02, 0.02, 0.03, 0.02, 0.02, 0.02, 0.03, 0.03, 0.03, 0.03, 0.04, 0.04, 0.05, 0.05, 0.05, 0.05, 0.06, 0.06, 0.06, 0.06, 0.07, 0.07, 0.07, 0.07, 0.08, 0.08, 0.08, 0.08, 0.08, 0.08, 0.08, 0.08, 0.08, 0.08, 0.08, 0.08, 0.08, 0.08, 0.08, 0.08, 0.09, 0.09, 0.08, 0.08, 0.08, 0.08, 0.08, 0.08, 0.08, 0.08, 0.08, 0.08, 0.08, 0.08, 0.08, 0.08, 0.08, 0.08, 0.07, 0.07, 0.07, 0.07, 0.07, 0.07, 0.07, 0.06, 0.06, 0.06, 0.06, 0.06, 0.06, 0.06, 0.05, 0.05, 0.05, 0.05, 0.05, 0.05, 0.05, 0.05, 0.05, 0.04, 0.04, 0.05, 0.04, 0.04, 0.04, 0.03, 0.03, 0.03, 0.03, 0.02, 0.02, 0.02, 0.01, 0.01, 0.0]


name_of_experiment:         experiment 18_1_1: priming on grid. epoch=10. CLR w same min max vals
file_name:                  experiments_thesis.py
date:                       18/08/2017   20:46:01
duration:                   1825.571101
grid base mean tp,fp,tn,fn:    [69.8, 2653.75, 7246.25, 30.2]
grid base std tp,fp,tn,fn:     [7.4, 358.18, 358.18, 7.4]
grid base detection rate (TP/(TP+FN)):      0.698
grid base false alarm (FP/(FP+TN)):        0.268055555556
grid base mean ranking:        [0.06, 0.11, 0.17, 0.22, 0.26, 0.29, 0.32, 0.36, 0.39, 0.41, 0.44, 0.46, 0.48, 0.5, 0.52, 0.55, 0.56, 0.58, 0.6, 0.62, 0.64, 0.65, 0.66, 0.67, 0.68, 0.7, 0.71, 0.72, 0.73, 0.74, 0.75, 0.76, 0.77, 0.78, 0.79, 0.8, 0.81, 0.81, 0.83, 0.83, 0.84, 0.84, 0.85, 0.86, 0.86, 0.87, 0.88, 0.88, 0.89, 0.89, 0.89, 0.9, 0.9, 0.91, 0.91, 0.92, 0.92, 0.93, 0.93, 0.93, 0.94, 0.94, 0.94, 0.94, 0.95, 0.95, 0.95, 0.95, 0.95, 0.96, 0.96, 0.96, 0.96, 0.97, 0.97, 0.97, 0.98, 0.98, 0.98, 0.98, 0.98, 0.99, 0.99, 0.99, 0.99, 0.99, 0.99, 1.0, 1.0, 1.0, 1.0, 1.0, 1.0, 1.0, 1.0, 1.0, 1.0, 1.0, 1.0, 1.0]
grid base std ranking:         [0.02, 0.03, 0.03, 0.04, 0.04, 0.04, 0.04, 0.05, 0.06, 0.06, 0.07, 0.07, 0.07, 0.06, 0.06, 0.06, 0.06, 0.06, 0.07, 0.07, 0.07, 0.07, 0.07, 0.06, 0.06, 0.06, 0.06, 0.06, 0.05, 0.06, 0.06, 0.06, 0.06, 0.06, 0.05, 0.05, 0.05, 0.05, 0.05, 0.05, 0.05, 0.05, 0.05, 0.05, 0.05, 0.05, 0.04, 0.04, 0.04, 0.04, 0.04, 0.04, 0.03, 0.03, 0.03, 0.03, 0.02, 0.02, 0.02, 0.02, 0.02, 0.02, 0.02, 0.02, 0.02, 0.02, 0.02, 0.02, 0.02, 0.02, 0.02, 0.01, 0.01, 0.01, 0.01, 0.01, 0.01, 0.01, 0.01, 0.01, 0.01, 0.01, 0.01, 0.01, 0.01, 0.01, 0.01, 0.01, 0.01, 0.0, 0.0, 0.0, 0.0, 0.0, 0.0, 0.0, 0.0, 0.0, 0.0, 0.0]
grid primed mean tp,fp,tn,fn:    [65.95, 5101.4, 4798.6, 34.05]
grid primed std tp,fp,tn,fn:     [5.86, 260.04, 260.04, 5.86]
grid primed detection rate (TP/(TP+FN)):      0.6595
grid primed false alarm (FP/(FP+TN)):        0.515292929293
grid primed mean ranking:        [0.03, 0.05, 0.07, 0.09, 0.11, 0.13, 0.14, 0.16, 0.18, 0.2, 0.21, 0.23, 0.24, 0.26, 0.27, 0.29, 0.3, 0.32, 0.33, 0.34, 0.35, 0.37, 0.38, 0.39, 0.4, 0.41, 0.42, 0.44, 0.45, 0.46, 0.48, 0.49, 0.5, 0.51, 0.51, 0.52, 0.53, 0.55, 0.56, 0.56, 0.57, 0.58, 0.59, 0.6, 0.61, 0.61, 0.62, 0.63, 0.63, 0.64, 0.64, 0.65, 0.66, 0.67, 0.68, 0.69, 0.7, 0.71, 0.72, 0.73, 0.73, 0.74, 0.75, 0.75, 0.76, 0.77, 0.78, 0.79, 0.79, 0.8, 0.81, 0.82, 0.82, 0.83, 0.84, 0.85, 0.85, 0.86, 0.86, 0.87, 0.88, 0.88, 0.89, 0.9, 0.9, 0.91, 0.91, 0.92, 0.92, 0.93, 0.94, 0.94, 0.95, 0.96, 0.96, 0.97, 0.98, 0.98, 0.99, 1.0]
grid primed std ranking:         [0.01, 0.01, 0.02, 0.02, 0.02, 0.02, 0.03, 0.03, 0.03, 0.03, 0.03, 0.04, 0.04, 0.04, 0.03, 0.04, 0.04, 0.04, 0.04, 0.04, 0.04, 0.04, 0.04, 0.05, 0.05, 0.05, 0.05, 0.05, 0.05, 0.05, 0.05, 0.05, 0.05, 0.05, 0.05, 0.06, 0.05, 0.06, 0.06, 0.06, 0.06, 0.06, 0.06, 0.05, 0.06, 0.06, 0.05, 0.05, 0.05, 0.05, 0.05, 0.05, 0.05, 0.05, 0.06, 0.05, 0.06, 0.06, 0.06, 0.05, 0.05, 0.05, 0.05, 0.05, 0.05, 0.05, 0.05, 0.05, 0.04, 0.04, 0.04, 0.03, 0.03, 0.03, 0.03, 0.03, 0.03, 0.03, 0.03, 0.03, 0.03, 0.03, 0.02, 0.03, 0.02, 0.02, 0.02, 0.02, 0.02, 0.02, 0.03, 0.02, 0.02, 0.02, 0.02, 0.02, 0.02, 0.01, 0.01, 0.0]


name_of_experiment:         experiment 18_1_2: priming on prid450. epoch=10. CLR w same min max vals
file_name:                  experiments_thesis.py
date:                       18/08/2017   22:30:44
duration:                   2450.828041
prid450 base mean tp,fp,tn,fn:    [75.6, 3393.9, 6506.1, 24.4]
prid450 base std tp,fp,tn,fn:     [8.8, 856.58, 856.58, 8.8]
prid450 base detection rate (TP/(TP+FN)):      0.756
prid450 base false alarm (FP/(FP+TN)):        0.342818181818
prid450 base mean ranking:        [0.07, 0.12, 0.16, 0.19, 0.23, 0.26, 0.28, 0.31, 0.33, 0.36, 0.38, 0.4, 0.42, 0.44, 0.46, 0.47, 0.49, 0.51, 0.52, 0.53, 0.54, 0.56, 0.58, 0.59, 0.61, 0.62, 0.63, 0.65, 0.66, 0.67, 0.68, 0.7, 0.71, 0.72, 0.73, 0.74, 0.75, 0.76, 0.77, 0.78, 0.8, 0.81, 0.81, 0.82, 0.83, 0.84, 0.85, 0.85, 0.86, 0.87, 0.88, 0.88, 0.89, 0.9, 0.9, 0.91, 0.91, 0.92, 0.92, 0.93, 0.93, 0.94, 0.94, 0.95, 0.95, 0.95, 0.96, 0.96, 0.96, 0.97, 0.97, 0.98, 0.98, 0.98, 0.98, 0.99, 0.99, 0.99, 0.99, 0.99, 0.99, 1.0, 1.0, 1.0, 1.0, 1.0, 1.0, 1.0, 1.0, 1.0, 1.0, 1.0, 1.0, 1.0, 1.0, 1.0, 1.0, 1.0, 1.0, 1.0]
prid450 base std ranking:         [0.02, 0.04, 0.05, 0.05, 0.06, 0.06, 0.06, 0.07, 0.07, 0.07, 0.07, 0.07, 0.07, 0.07, 0.07, 0.07, 0.07, 0.07, 0.07, 0.07, 0.06, 0.07, 0.07, 0.07, 0.07, 0.07, 0.07, 0.07, 0.07, 0.07, 0.07, 0.07, 0.07, 0.07, 0.07, 0.06, 0.06, 0.06, 0.06, 0.06, 0.05, 0.05, 0.05, 0.05, 0.05, 0.05, 0.05, 0.04, 0.04, 0.04, 0.04, 0.04, 0.04, 0.04, 0.04, 0.04, 0.03, 0.03, 0.03, 0.02, 0.02, 0.02, 0.02, 0.02, 0.02, 0.02, 0.02, 0.02, 0.02, 0.02, 0.02, 0.01, 0.01, 0.01, 0.01, 0.01, 0.01, 0.01, 0.01, 0.01, 0.01, 0.01, 0.0, 0.0, 0.0, 0.0, 0.0, 0.0, 0.0, 0.0, 0.0, 0.0, 0.0, 0.0, 0.0, 0.0, 0.0, 0.0, 0.0, 0.0]
prid450 primed mean tp,fp,tn,fn:    [50.9, 5468.3, 4431.7, 49.1]
prid450 primed std tp,fp,tn,fn:     [9.82, 434.53, 434.53, 9.82]
prid450 primed detection rate (TP/(TP+FN)):      0.509
prid450 primed false alarm (FP/(FP+TN)):        0.552353535354
prid450 primed mean ranking:        [0.01, 0.02, 0.04, 0.05, 0.06, 0.07, 0.09, 0.09, 0.1, 0.11, 0.12, 0.13, 0.14, 0.14, 0.15, 0.16, 0.17, 0.18, 0.19, 0.2, 0.2, 0.21, 0.22, 0.23, 0.24, 0.24, 0.25, 0.26, 0.27, 0.28, 0.28, 0.29, 0.3, 0.31, 0.32, 0.33, 0.33, 0.34, 0.35, 0.36, 0.37, 0.38, 0.39, 0.4, 0.41, 0.41, 0.42, 0.43, 0.44, 0.45, 0.45, 0.47, 0.47, 0.49, 0.5, 0.51, 0.52, 0.53, 0.54, 0.55, 0.56, 0.57, 0.58, 0.6, 0.61, 0.62, 0.64, 0.65, 0.66, 0.67, 0.68, 0.69, 0.7, 0.71, 0.73, 0.74, 0.75, 0.76, 0.77, 0.78, 0.8, 0.81, 0.81, 0.82, 0.84, 0.85, 0.86, 0.87, 0.88, 0.9, 0.91, 0.92, 0.94, 0.95, 0.96, 0.97, 0.98, 0.98, 0.99, 1.0]
prid450 primed std ranking:         [0.01, 0.01, 0.02, 0.03, 0.03, 0.03, 0.04, 0.04, 0.04, 0.04, 0.04, 0.04, 0.05, 0.05, 0.05, 0.06, 0.06, 0.06, 0.07, 0.07, 0.07, 0.08, 0.08, 0.08, 0.08, 0.08, 0.08, 0.08, 0.09, 0.09, 0.09, 0.09, 0.09, 0.09, 0.09, 0.1, 0.1, 0.1, 0.1, 0.1, 0.1, 0.1, 0.1, 0.11, 0.11, 0.11, 0.11, 0.1, 0.1, 0.1, 0.1, 0.1, 0.1, 0.09, 0.09, 0.09, 0.09, 0.09, 0.09, 0.09, 0.09, 0.09, 0.09, 0.09, 0.08, 0.08, 0.08, 0.07, 0.07, 0.07, 0.07, 0.07, 0.07, 0.06, 0.06, 0.07, 0.06, 0.06, 0.06, 0.06, 0.05, 0.05, 0.05, 0.04, 0.04, 0.04, 0.04, 0.04, 0.04, 0.03, 0.03, 0.03, 0.02, 0.02, 0.01, 0.01, 0.01, 0.01, 0.01, 0.0]
