name_of_experiment:         experiment 18_2_0: priming on viper. epoch=5. CLR diff 
file_name:                  experiments_thesis.py
date:                       19/08/2017   00:39:37
duration:                   2680.757029
viper base mean tp,fp,tn,fn:    [66.1, 3681.8, 6218.2, 33.9]
viper base std tp,fp,tn,fn:     [16.19, 1110.29, 1110.29, 16.19]
viper base detection rate (TP/(TP+FN)):      0.661
viper base false alarm (FP/(FP+TN)):        0.371898989899
viper base mean ranking:        [0.05, 0.09, 0.12, 0.16, 0.18, 0.21, 0.23, 0.26, 0.27, 0.3, 0.32, 0.34, 0.35, 0.37, 0.39, 0.42, 0.43, 0.44, 0.46, 0.47, 0.48, 0.5, 0.51, 0.53, 0.54, 0.56, 0.56, 0.58, 0.59, 0.6, 0.61, 0.62, 0.64, 0.65, 0.65, 0.66, 0.68, 0.69, 0.7, 0.71, 0.72, 0.72, 0.73, 0.74, 0.75, 0.75, 0.76, 0.77, 0.78, 0.79, 0.8, 0.8, 0.81, 0.81, 0.81, 0.82, 0.83, 0.83, 0.84, 0.84, 0.85, 0.86, 0.86, 0.87, 0.87, 0.88, 0.88, 0.89, 0.9, 0.9, 0.91, 0.91, 0.92, 0.92, 0.93, 0.93, 0.94, 0.94, 0.95, 0.95, 0.96, 0.96, 0.96, 0.96, 0.96, 0.97, 0.97, 0.98, 0.98, 0.98, 0.98, 0.99, 0.99, 0.99, 0.99, 0.99, 0.99, 1.0, 1.0, 1.0]
viper base std ranking:         [0.02, 0.03, 0.04, 0.05, 0.06, 0.06, 0.07, 0.07, 0.08, 0.09, 0.1, 0.1, 0.1, 0.11, 0.11, 0.11, 0.11, 0.12, 0.12, 0.12, 0.13, 0.13, 0.13, 0.13, 0.13, 0.13, 0.13, 0.13, 0.13, 0.13, 0.13, 0.13, 0.13, 0.14, 0.14, 0.14, 0.14, 0.14, 0.14, 0.14, 0.14, 0.14, 0.14, 0.14, 0.14, 0.14, 0.14, 0.14, 0.14, 0.14, 0.14, 0.14, 0.14, 0.14, 0.14, 0.13, 0.13, 0.13, 0.12, 0.12, 0.12, 0.12, 0.11, 0.11, 0.11, 0.1, 0.1, 0.1, 0.09, 0.09, 0.08, 0.08, 0.08, 0.08, 0.07, 0.07, 0.07, 0.07, 0.07, 0.06, 0.06, 0.06, 0.05, 0.05, 0.05, 0.04, 0.04, 0.04, 0.03, 0.03, 0.02, 0.02, 0.02, 0.02, 0.01, 0.01, 0.01, 0.01, 0.0, 0.0]
viper primed mean tp,fp,tn,fn:    [50.0, 3450.8, 6449.2, 50.0]
viper primed std tp,fp,tn,fn:     [13.84, 640.46, 640.46, 13.84]
viper primed detection rate (TP/(TP+FN)):      0.5
viper primed false alarm (FP/(FP+TN)):        0.348565656566
viper primed mean ranking:        [0.03, 0.06, 0.08, 0.1, 0.12, 0.14, 0.15, 0.17, 0.18, 0.2, 0.22, 0.23, 0.25, 0.26, 0.28, 0.29, 0.31, 0.32, 0.33, 0.34, 0.35, 0.37, 0.38, 0.4, 0.41, 0.42, 0.43, 0.44, 0.44, 0.46, 0.46, 0.47, 0.48, 0.49, 0.5, 0.51, 0.52, 0.53, 0.55, 0.56, 0.57, 0.58, 0.59, 0.61, 0.61, 0.62, 0.63, 0.64, 0.65, 0.66, 0.67, 0.68, 0.7, 0.7, 0.71, 0.72, 0.73, 0.74, 0.74, 0.76, 0.77, 0.77, 0.78, 0.79, 0.8, 0.81, 0.82, 0.83, 0.84, 0.85, 0.85, 0.86, 0.87, 0.87, 0.88, 0.89, 0.89, 0.9, 0.9, 0.91, 0.91, 0.92, 0.93, 0.93, 0.94, 0.94, 0.95, 0.95, 0.96, 0.96, 0.97, 0.97, 0.98, 0.98, 0.98, 0.99, 0.99, 0.99, 1.0, 1.0]
viper primed std ranking:         [0.02, 0.02, 0.03, 0.04, 0.05, 0.05, 0.06, 0.06, 0.06, 0.07, 0.07, 0.07, 0.07, 0.08, 0.09, 0.09, 0.09, 0.1, 0.1, 0.1, 0.11, 0.11, 0.12, 0.12, 0.12, 0.12, 0.12, 0.12, 0.12, 0.13, 0.13, 0.13, 0.13, 0.13, 0.13, 0.13, 0.14, 0.14, 0.13, 0.14, 0.13, 0.13, 0.13, 0.13, 0.13, 0.13, 0.13, 0.14, 0.13, 0.13, 0.14, 0.13, 0.13, 0.13, 0.13, 0.13, 0.13, 0.13, 0.12, 0.12, 0.12, 0.12, 0.12, 0.12, 0.12, 0.11, 0.1, 0.1, 0.1, 0.1, 0.1, 0.09, 0.09, 0.09, 0.08, 0.08, 0.08, 0.07, 0.07, 0.07, 0.06, 0.06, 0.06, 0.05, 0.05, 0.05, 0.05, 0.04, 0.04, 0.04, 0.03, 0.03, 0.03, 0.02, 0.02, 0.02, 0.01, 0.01, 0.0, 0.0]


name_of_experiment:         experiment 18_2_1: priming on grid. epoch=5. CLR diff 
file_name:                  experiments_thesis.py
date:                       18/08/2017   21:12:29
duration:                   1582.538788
grid base mean tp,fp,tn,fn:    [74.05, 2738.25, 7161.75, 25.95]
grid base std tp,fp,tn,fn:     [9.01, 534.71, 534.71, 9.01]
grid base detection rate (TP/(TP+FN)):      0.7405
grid base false alarm (FP/(FP+TN)):        0.276590909091
grid base mean ranking:        [0.07, 0.13, 0.17, 0.23, 0.27, 0.31, 0.35, 0.38, 0.41, 0.45, 0.47, 0.51, 0.53, 0.54, 0.56, 0.58, 0.6, 0.62, 0.64, 0.65, 0.67, 0.68, 0.7, 0.71, 0.73, 0.74, 0.75, 0.76, 0.77, 0.78, 0.79, 0.8, 0.81, 0.82, 0.82, 0.83, 0.84, 0.85, 0.85, 0.86, 0.87, 0.88, 0.88, 0.89, 0.89, 0.89, 0.9, 0.9, 0.9, 0.91, 0.91, 0.92, 0.92, 0.93, 0.93, 0.94, 0.94, 0.94, 0.94, 0.95, 0.95, 0.95, 0.96, 0.96, 0.96, 0.97, 0.97, 0.97, 0.97, 0.97, 0.97, 0.98, 0.98, 0.98, 0.98, 0.98, 0.98, 0.99, 0.99, 0.99, 0.99, 0.99, 0.99, 0.99, 0.99, 0.99, 1.0, 1.0, 1.0, 1.0, 1.0, 1.0, 1.0, 1.0, 1.0, 1.0, 1.0, 1.0, 1.0, 1.0]
grid base std ranking:         [0.02, 0.03, 0.04, 0.04, 0.05, 0.04, 0.06, 0.06, 0.06, 0.07, 0.07, 0.08, 0.07, 0.08, 0.08, 0.08, 0.08, 0.08, 0.08, 0.07, 0.07, 0.07, 0.07, 0.07, 0.07, 0.06, 0.06, 0.07, 0.07, 0.06, 0.06, 0.06, 0.06, 0.06, 0.06, 0.06, 0.06, 0.06, 0.06, 0.06, 0.05, 0.05, 0.05, 0.05, 0.05, 0.04, 0.04, 0.04, 0.04, 0.04, 0.04, 0.04, 0.03, 0.03, 0.03, 0.03, 0.03, 0.03, 0.02, 0.03, 0.03, 0.02, 0.02, 0.02, 0.02, 0.02, 0.02, 0.02, 0.02, 0.02, 0.02, 0.02, 0.02, 0.02, 0.02, 0.02, 0.02, 0.02, 0.01, 0.01, 0.01, 0.01, 0.01, 0.01, 0.01, 0.01, 0.01, 0.01, 0.01, 0.01, 0.0, 0.0, 0.0, 0.0, 0.0, 0.0, 0.0, 0.0, 0.0, 0.0]
grid primed mean tp,fp,tn,fn:    [76.2, 3306.5, 6593.5, 23.8]
grid primed std tp,fp,tn,fn:     [7.35, 453.05, 453.05, 7.35]
grid primed detection rate (TP/(TP+FN)):      0.762
grid primed false alarm (FP/(FP+TN)):        0.33398989899
grid primed mean ranking:        [0.06, 0.12, 0.16, 0.22, 0.26, 0.3, 0.33, 0.35, 0.38, 0.4, 0.44, 0.46, 0.49, 0.5, 0.52, 0.54, 0.56, 0.58, 0.59, 0.6, 0.62, 0.63, 0.64, 0.66, 0.67, 0.68, 0.69, 0.7, 0.72, 0.73, 0.74, 0.75, 0.76, 0.77, 0.78, 0.78, 0.79, 0.8, 0.81, 0.82, 0.83, 0.84, 0.84, 0.85, 0.86, 0.86, 0.87, 0.87, 0.88, 0.89, 0.89, 0.9, 0.91, 0.91, 0.91, 0.92, 0.92, 0.92, 0.93, 0.93, 0.94, 0.94, 0.94, 0.95, 0.95, 0.95, 0.95, 0.96, 0.96, 0.96, 0.96, 0.96, 0.97, 0.97, 0.97, 0.97, 0.97, 0.97, 0.98, 0.98, 0.98, 0.99, 0.99, 0.99, 0.99, 0.99, 0.99, 0.99, 1.0, 1.0, 1.0, 1.0, 1.0, 1.0, 1.0, 1.0, 1.0, 1.0, 1.0, 1.0]
grid primed std ranking:         [0.02, 0.03, 0.04, 0.06, 0.07, 0.07, 0.07, 0.07, 0.06, 0.06, 0.06, 0.07, 0.08, 0.08, 0.08, 0.07, 0.07, 0.07, 0.07, 0.08, 0.07, 0.07, 0.08, 0.07, 0.07, 0.07, 0.07, 0.07, 0.07, 0.07, 0.06, 0.07, 0.06, 0.06, 0.06, 0.06, 0.06, 0.06, 0.06, 0.06, 0.06, 0.06, 0.06, 0.06, 0.05, 0.05, 0.05, 0.05, 0.05, 0.05, 0.05, 0.04, 0.04, 0.04, 0.04, 0.03, 0.03, 0.03, 0.03, 0.03, 0.03, 0.02, 0.02, 0.02, 0.02, 0.02, 0.02, 0.02, 0.02, 0.02, 0.02, 0.02, 0.02, 0.02, 0.02, 0.02, 0.02, 0.02, 0.02, 0.02, 0.02, 0.01, 0.01, 0.01, 0.01, 0.01, 0.01, 0.01, 0.01, 0.01, 0.01, 0.0, 0.0, 0.0, 0.0, 0.0, 0.0, 0.0, 0.0, 0.0]


name_of_experiment:         experiment 18_2_2: priming on prid450. epoch=5. CLR diff 
file_name:                  experiments_thesis.py
date:                       18/08/2017   23:07:49
duration:                   2218.344100
prid450 base mean tp,fp,tn,fn:    [72.7, 3252.75, 6647.25, 27.3]
prid450 base std tp,fp,tn,fn:     [12.27, 749.4, 749.4, 12.27]
prid450 base detection rate (TP/(TP+FN)):      0.727
prid450 base false alarm (FP/(FP+TN)):        0.328560606061
prid450 base mean ranking:        [0.07, 0.11, 0.16, 0.19, 0.22, 0.25, 0.27, 0.3, 0.32, 0.35, 0.37, 0.39, 0.42, 0.43, 0.45, 0.47, 0.49, 0.5, 0.52, 0.53, 0.54, 0.56, 0.57, 0.59, 0.6, 0.61, 0.62, 0.64, 0.65, 0.66, 0.68, 0.69, 0.7, 0.71, 0.72, 0.74, 0.75, 0.76, 0.77, 0.78, 0.79, 0.8, 0.82, 0.82, 0.83, 0.84, 0.84, 0.85, 0.86, 0.87, 0.88, 0.88, 0.89, 0.9, 0.9, 0.91, 0.91, 0.92, 0.93, 0.93, 0.94, 0.94, 0.94, 0.95, 0.95, 0.96, 0.96, 0.96, 0.97, 0.97, 0.97, 0.97, 0.98, 0.98, 0.98, 0.98, 0.99, 0.99, 0.99, 0.99, 0.99, 0.99, 0.99, 0.99, 0.99, 1.0, 1.0, 1.0, 1.0, 1.0, 1.0, 1.0, 1.0, 1.0, 1.0, 1.0, 1.0, 1.0, 1.0, 1.0]
prid450 base std ranking:         [0.02, 0.03, 0.04, 0.05, 0.06, 0.06, 0.06, 0.07, 0.06, 0.07, 0.07, 0.07, 0.07, 0.07, 0.07, 0.08, 0.08, 0.08, 0.08, 0.08, 0.09, 0.08, 0.08, 0.08, 0.08, 0.09, 0.09, 0.09, 0.09, 0.09, 0.08, 0.08, 0.08, 0.08, 0.07, 0.07, 0.06, 0.06, 0.06, 0.06, 0.06, 0.06, 0.05, 0.06, 0.05, 0.05, 0.05, 0.05, 0.05, 0.05, 0.05, 0.05, 0.04, 0.04, 0.04, 0.04, 0.04, 0.03, 0.03, 0.03, 0.03, 0.03, 0.03, 0.03, 0.03, 0.03, 0.03, 0.03, 0.02, 0.02, 0.02, 0.02, 0.02, 0.02, 0.01, 0.01, 0.01, 0.01, 0.01, 0.01, 0.01, 0.01, 0.01, 0.01, 0.01, 0.01, 0.0, 0.0, 0.0, 0.0, 0.0, 0.0, 0.0, 0.0, 0.0, 0.0, 0.0, 0.0, 0.0, 0.0]
prid450 primed mean tp,fp,tn,fn:    [47.5, 3503.65, 6396.35, 52.5]
prid450 primed std tp,fp,tn,fn:     [11.73, 514.02, 514.02, 11.73]
prid450 primed detection rate (TP/(TP+FN)):      0.475
prid450 primed false alarm (FP/(FP+TN)):        0.353904040404
prid450 primed mean ranking:        [0.03, 0.05, 0.08, 0.1, 0.12, 0.14, 0.15, 0.17, 0.18, 0.19, 0.21, 0.22, 0.23, 0.25, 0.26, 0.27, 0.28, 0.29, 0.3, 0.31, 0.32, 0.33, 0.34, 0.35, 0.36, 0.37, 0.38, 0.39, 0.4, 0.41, 0.41, 0.42, 0.43, 0.44, 0.46, 0.47, 0.48, 0.49, 0.5, 0.51, 0.51, 0.53, 0.53, 0.54, 0.55, 0.57, 0.57, 0.58, 0.6, 0.61, 0.62, 0.63, 0.65, 0.66, 0.67, 0.68, 0.7, 0.72, 0.73, 0.74, 0.75, 0.77, 0.78, 0.79, 0.8, 0.81, 0.82, 0.83, 0.84, 0.85, 0.86, 0.87, 0.88, 0.89, 0.9, 0.91, 0.91, 0.92, 0.93, 0.94, 0.95, 0.95, 0.96, 0.96, 0.97, 0.97, 0.97, 0.97, 0.98, 0.98, 0.99, 0.99, 0.99, 0.99, 1.0, 1.0, 1.0, 1.0, 1.0, 1.0]
prid450 primed std ranking:         [0.02, 0.02, 0.03, 0.04, 0.04, 0.05, 0.06, 0.06, 0.06, 0.06, 0.07, 0.07, 0.08, 0.08, 0.08, 0.09, 0.09, 0.09, 0.09, 0.1, 0.1, 0.1, 0.11, 0.11, 0.11, 0.12, 0.12, 0.12, 0.12, 0.12, 0.12, 0.12, 0.13, 0.13, 0.13, 0.13, 0.14, 0.14, 0.13, 0.14, 0.14, 0.14, 0.14, 0.14, 0.14, 0.13, 0.13, 0.13, 0.13, 0.13, 0.13, 0.13, 0.12, 0.12, 0.12, 0.12, 0.12, 0.11, 0.1, 0.1, 0.1, 0.1, 0.09, 0.1, 0.09, 0.09, 0.09, 0.08, 0.08, 0.08, 0.07, 0.07, 0.07, 0.06, 0.06, 0.06, 0.06, 0.05, 0.05, 0.04, 0.04, 0.03, 0.03, 0.03, 0.03, 0.03, 0.03, 0.02, 0.02, 0.02, 0.01, 0.01, 0.01, 0.01, 0.0, 0.0, 0.0, 0.0, 0.0, 0.0]
