name_of_experiment:         experiment 18_3_0: priming on viper. epoch=10. CLR w same min max vals
file_name:                  experiments_thesis.py
date:                       19/08/2017   01:27:47
duration:                   2883.426982
viper base mean tp,fp,tn,fn:    [68.75, 3489.4, 6410.6, 31.25]
viper base std tp,fp,tn,fn:     [15.39, 1007.11, 1007.11, 15.39]
viper base detection rate (TP/(TP+FN)):      0.6875
viper base false alarm (FP/(FP+TN)):        0.352464646465
viper base mean ranking:        [0.05, 0.1, 0.14, 0.18, 0.21, 0.24, 0.26, 0.29, 0.31, 0.33, 0.36, 0.39, 0.41, 0.42, 0.44, 0.46, 0.48, 0.49, 0.51, 0.52, 0.54, 0.55, 0.57, 0.58, 0.59, 0.6, 0.61, 0.62, 0.63, 0.65, 0.66, 0.67, 0.68, 0.69, 0.7, 0.71, 0.73, 0.74, 0.74, 0.75, 0.77, 0.77, 0.79, 0.79, 0.8, 0.8, 0.81, 0.82, 0.82, 0.83, 0.84, 0.85, 0.85, 0.86, 0.86, 0.87, 0.88, 0.88, 0.89, 0.89, 0.9, 0.9, 0.91, 0.91, 0.91, 0.92, 0.92, 0.93, 0.93, 0.94, 0.94, 0.94, 0.95, 0.95, 0.95, 0.95, 0.96, 0.96, 0.97, 0.97, 0.97, 0.97, 0.97, 0.98, 0.98, 0.98, 0.98, 0.98, 0.99, 0.99, 0.99, 0.99, 0.99, 0.99, 0.99, 0.99, 1.0, 1.0, 1.0, 1.0]
viper base std ranking:         [0.03, 0.04, 0.05, 0.06, 0.07, 0.08, 0.08, 0.09, 0.1, 0.1, 0.11, 0.11, 0.11, 0.12, 0.12, 0.12, 0.12, 0.13, 0.13, 0.13, 0.13, 0.13, 0.13, 0.13, 0.14, 0.14, 0.14, 0.14, 0.14, 0.14, 0.14, 0.14, 0.14, 0.14, 0.14, 0.14, 0.14, 0.15, 0.14, 0.14, 0.14, 0.14, 0.14, 0.14, 0.14, 0.14, 0.13, 0.13, 0.13, 0.13, 0.13, 0.13, 0.12, 0.12, 0.12, 0.12, 0.12, 0.11, 0.11, 0.11, 0.11, 0.11, 0.11, 0.1, 0.1, 0.09, 0.09, 0.09, 0.09, 0.08, 0.08, 0.07, 0.07, 0.07, 0.06, 0.06, 0.06, 0.06, 0.05, 0.05, 0.04, 0.04, 0.04, 0.04, 0.04, 0.04, 0.03, 0.03, 0.02, 0.02, 0.02, 0.02, 0.02, 0.01, 0.01, 0.01, 0.01, 0.0, 0.0, 0.0]
viper primed mean tp,fp,tn,fn:    [51.9, 3998.5, 5901.5, 48.1]
viper primed std tp,fp,tn,fn:     [13.72, 502.59, 502.59, 13.72]
viper primed detection rate (TP/(TP+FN)):      0.519
viper primed false alarm (FP/(FP+TN)):        0.403888888889
viper primed mean ranking:        [0.03, 0.05, 0.07, 0.09, 0.11, 0.13, 0.14, 0.16, 0.17, 0.19, 0.2, 0.22, 0.23, 0.25, 0.26, 0.27, 0.29, 0.3, 0.31, 0.32, 0.33, 0.34, 0.35, 0.36, 0.38, 0.39, 0.4, 0.42, 0.43, 0.43, 0.44, 0.45, 0.46, 0.47, 0.48, 0.49, 0.51, 0.52, 0.53, 0.54, 0.55, 0.56, 0.57, 0.58, 0.59, 0.6, 0.6, 0.61, 0.62, 0.64, 0.65, 0.66, 0.67, 0.68, 0.68, 0.69, 0.7, 0.71, 0.71, 0.72, 0.73, 0.74, 0.74, 0.75, 0.76, 0.77, 0.78, 0.79, 0.8, 0.8, 0.81, 0.82, 0.83, 0.84, 0.85, 0.85, 0.86, 0.87, 0.87, 0.88, 0.89, 0.9, 0.91, 0.91, 0.91, 0.92, 0.93, 0.94, 0.94, 0.95, 0.96, 0.96, 0.97, 0.97, 0.98, 0.98, 0.99, 0.99, 0.99, 1.0]
viper primed std ranking:         [0.02, 0.02, 0.03, 0.04, 0.04, 0.05, 0.06, 0.07, 0.07, 0.07, 0.08, 0.08, 0.09, 0.09, 0.09, 0.1, 0.1, 0.11, 0.11, 0.11, 0.11, 0.11, 0.11, 0.12, 0.12, 0.12, 0.13, 0.13, 0.13, 0.13, 0.14, 0.14, 0.14, 0.14, 0.14, 0.14, 0.15, 0.15, 0.15, 0.15, 0.15, 0.15, 0.16, 0.16, 0.16, 0.16, 0.16, 0.16, 0.15, 0.15, 0.15, 0.15, 0.15, 0.15, 0.15, 0.14, 0.14, 0.13, 0.13, 0.12, 0.12, 0.12, 0.12, 0.12, 0.12, 0.11, 0.11, 0.1, 0.1, 0.1, 0.1, 0.09, 0.09, 0.09, 0.08, 0.08, 0.08, 0.07, 0.07, 0.06, 0.06, 0.06, 0.06, 0.05, 0.05, 0.05, 0.05, 0.04, 0.04, 0.04, 0.03, 0.03, 0.03, 0.03, 0.02, 0.02, 0.01, 0.01, 0.01, 0.0]


name_of_experiment:         experiment 18_3_1: priming on grid. epoch=10. CLR w same min max vals
file_name:                  experiments_thesis.py
date:                       18/08/2017   21:42:57
duration:                   1820.606698
grid base mean tp,fp,tn,fn:    [73.15, 2768.8, 7131.2, 26.85]
grid base std tp,fp,tn,fn:     [4.75, 412.96, 412.96, 4.75]
grid base detection rate (TP/(TP+FN)):      0.7315
grid base false alarm (FP/(FP+TN)):        0.279676767677
grid base mean ranking:        [0.07, 0.12, 0.17, 0.22, 0.26, 0.3, 0.34, 0.37, 0.41, 0.44, 0.46, 0.49, 0.51, 0.53, 0.56, 0.58, 0.6, 0.62, 0.63, 0.65, 0.67, 0.68, 0.69, 0.7, 0.71, 0.73, 0.74, 0.75, 0.76, 0.78, 0.78, 0.79, 0.8, 0.81, 0.82, 0.83, 0.84, 0.84, 0.85, 0.85, 0.86, 0.87, 0.87, 0.88, 0.88, 0.89, 0.89, 0.9, 0.9, 0.91, 0.91, 0.91, 0.92, 0.92, 0.92, 0.93, 0.93, 0.94, 0.94, 0.95, 0.95, 0.95, 0.96, 0.96, 0.96, 0.96, 0.96, 0.97, 0.97, 0.97, 0.97, 0.97, 0.98, 0.98, 0.98, 0.98, 0.98, 0.98, 0.98, 0.98, 0.99, 0.99, 0.99, 0.99, 0.99, 0.99, 0.99, 0.99, 0.99, 1.0, 1.0, 1.0, 1.0, 1.0, 1.0, 1.0, 1.0, 1.0, 1.0, 1.0]
grid base std ranking:         [0.02, 0.03, 0.04, 0.04, 0.03, 0.04, 0.05, 0.04, 0.04, 0.05, 0.05, 0.05, 0.06, 0.05, 0.05, 0.06, 0.05, 0.05, 0.05, 0.05, 0.05, 0.05, 0.05, 0.05, 0.05, 0.04, 0.04, 0.04, 0.04, 0.04, 0.04, 0.04, 0.04, 0.04, 0.03, 0.03, 0.04, 0.04, 0.03, 0.03, 0.04, 0.04, 0.04, 0.04, 0.04, 0.04, 0.04, 0.04, 0.03, 0.03, 0.03, 0.03, 0.03, 0.03, 0.03, 0.03, 0.02, 0.02, 0.02, 0.02, 0.02, 0.02, 0.02, 0.02, 0.02, 0.02, 0.02, 0.02, 0.02, 0.02, 0.02, 0.02, 0.02, 0.02, 0.02, 0.01, 0.01, 0.01, 0.01, 0.01, 0.01, 0.01, 0.01, 0.01, 0.01, 0.01, 0.01, 0.01, 0.01, 0.01, 0.01, 0.01, 0.01, 0.01, 0.0, 0.0, 0.0, 0.0, 0.0, 0.0]
grid primed mean tp,fp,tn,fn:    [74.6, 4066.05, 5833.95, 25.4]
grid primed std tp,fp,tn,fn:     [4.29, 266.78, 266.78, 4.29]
grid primed detection rate (TP/(TP+FN)):      0.746
grid primed false alarm (FP/(FP+TN)):        0.410712121212
grid primed mean ranking:        [0.05, 0.09, 0.13, 0.16, 0.19, 0.22, 0.25, 0.27, 0.29, 0.32, 0.34, 0.36, 0.37, 0.39, 0.42, 0.44, 0.46, 0.48, 0.49, 0.51, 0.52, 0.54, 0.55, 0.57, 0.58, 0.59, 0.6, 0.62, 0.63, 0.64, 0.65, 0.66, 0.67, 0.68, 0.69, 0.7, 0.71, 0.72, 0.73, 0.74, 0.75, 0.76, 0.77, 0.77, 0.78, 0.78, 0.79, 0.8, 0.8, 0.81, 0.82, 0.82, 0.83, 0.84, 0.85, 0.85, 0.86, 0.87, 0.87, 0.88, 0.89, 0.89, 0.9, 0.9, 0.91, 0.91, 0.92, 0.92, 0.92, 0.93, 0.93, 0.94, 0.94, 0.94, 0.95, 0.95, 0.96, 0.96, 0.96, 0.97, 0.97, 0.97, 0.97, 0.97, 0.98, 0.98, 0.98, 0.98, 0.99, 0.99, 0.99, 0.99, 1.0, 1.0, 1.0, 1.0, 1.0, 1.0, 1.0, 1.0]
grid primed std ranking:         [0.02, 0.02, 0.03, 0.03, 0.03, 0.04, 0.04, 0.04, 0.04, 0.04, 0.04, 0.04, 0.04, 0.04, 0.04, 0.04, 0.04, 0.04, 0.04, 0.05, 0.05, 0.05, 0.06, 0.05, 0.05, 0.05, 0.06, 0.06, 0.06, 0.06, 0.06, 0.06, 0.06, 0.06, 0.06, 0.06, 0.06, 0.05, 0.05, 0.05, 0.05, 0.05, 0.05, 0.05, 0.05, 0.05, 0.05, 0.05, 0.05, 0.05, 0.05, 0.05, 0.05, 0.05, 0.05, 0.04, 0.04, 0.04, 0.04, 0.04, 0.04, 0.04, 0.03, 0.03, 0.03, 0.03, 0.03, 0.03, 0.03, 0.03, 0.03, 0.03, 0.02, 0.02, 0.02, 0.02, 0.02, 0.02, 0.02, 0.02, 0.02, 0.02, 0.02, 0.02, 0.02, 0.02, 0.01, 0.01, 0.01, 0.01, 0.01, 0.01, 0.01, 0.0, 0.0, 0.0, 0.0, 0.0, 0.0, 0.0]


name_of_experiment:         experiment 18_3_2: priming on prid450. epoch=10. CLR w same min max vals
file_name:                  experiments_thesis.py
date:                       18/08/2017   23:48:12
duration:                   2416.403991
prid450 base mean tp,fp,tn,fn:    [69.15, 3149.35, 6750.65, 30.85]
prid450 base std tp,fp,tn,fn:     [9.59, 599.22, 599.22, 9.59]
prid450 base detection rate (TP/(TP+FN)):      0.6915
prid450 base false alarm (FP/(FP+TN)):        0.318116161616
prid450 base mean ranking:        [0.06, 0.1, 0.13, 0.18, 0.22, 0.24, 0.26, 0.29, 0.31, 0.33, 0.35, 0.38, 0.39, 0.41, 0.43, 0.45, 0.46, 0.48, 0.5, 0.51, 0.53, 0.54, 0.56, 0.58, 0.59, 0.61, 0.62, 0.63, 0.64, 0.66, 0.67, 0.69, 0.7, 0.71, 0.72, 0.73, 0.74, 0.75, 0.76, 0.77, 0.78, 0.79, 0.8, 0.81, 0.82, 0.83, 0.84, 0.84, 0.85, 0.85, 0.87, 0.87, 0.88, 0.88, 0.89, 0.9, 0.9, 0.91, 0.92, 0.92, 0.93, 0.93, 0.94, 0.94, 0.94, 0.95, 0.96, 0.96, 0.96, 0.97, 0.97, 0.97, 0.98, 0.98, 0.98, 0.98, 0.98, 0.99, 0.99, 0.99, 0.99, 0.99, 0.99, 0.99, 0.99, 0.99, 0.99, 0.99, 1.0, 1.0, 1.0, 1.0, 1.0, 1.0, 1.0, 1.0, 1.0, 1.0, 1.0, 1.0]
prid450 base std ranking:         [0.03, 0.03, 0.04, 0.06, 0.06, 0.06, 0.06, 0.07, 0.07, 0.07, 0.07, 0.07, 0.07, 0.07, 0.07, 0.07, 0.07, 0.08, 0.08, 0.08, 0.08, 0.08, 0.08, 0.08, 0.08, 0.08, 0.08, 0.08, 0.08, 0.08, 0.08, 0.08, 0.07, 0.07, 0.07, 0.07, 0.07, 0.06, 0.07, 0.06, 0.06, 0.06, 0.06, 0.06, 0.05, 0.05, 0.05, 0.05, 0.05, 0.04, 0.05, 0.05, 0.04, 0.05, 0.04, 0.04, 0.04, 0.04, 0.04, 0.03, 0.03, 0.03, 0.03, 0.03, 0.03, 0.02, 0.02, 0.02, 0.02, 0.02, 0.02, 0.02, 0.02, 0.02, 0.01, 0.01, 0.02, 0.01, 0.01, 0.01, 0.01, 0.01, 0.01, 0.01, 0.01, 0.01, 0.01, 0.01, 0.01, 0.01, 0.01, 0.01, 0.01, 0.01, 0.0, 0.0, 0.0, 0.0, 0.0, 0.0]
prid450 primed mean tp,fp,tn,fn:    [44.2, 4224.25, 5675.75, 55.8]
prid450 primed std tp,fp,tn,fn:     [15.07, 747.49, 747.49, 15.07]
prid450 primed detection rate (TP/(TP+FN)):      0.442
prid450 primed false alarm (FP/(FP+TN)):        0.426691919192
prid450 primed mean ranking:        [0.03, 0.05, 0.07, 0.09, 0.1, 0.11, 0.12, 0.14, 0.15, 0.16, 0.17, 0.18, 0.19, 0.2, 0.21, 0.22, 0.23, 0.23, 0.24, 0.25, 0.26, 0.27, 0.28, 0.28, 0.29, 0.29, 0.3, 0.3, 0.31, 0.32, 0.33, 0.34, 0.34, 0.36, 0.37, 0.38, 0.39, 0.4, 0.41, 0.42, 0.42, 0.43, 0.44, 0.45, 0.46, 0.47, 0.49, 0.5, 0.51, 0.52, 0.53, 0.55, 0.56, 0.57, 0.58, 0.59, 0.6, 0.62, 0.63, 0.64, 0.66, 0.67, 0.68, 0.69, 0.71, 0.72, 0.73, 0.74, 0.75, 0.76, 0.77, 0.78, 0.8, 0.81, 0.82, 0.83, 0.84, 0.85, 0.86, 0.87, 0.88, 0.89, 0.9, 0.91, 0.92, 0.93, 0.94, 0.94, 0.95, 0.96, 0.96, 0.97, 0.97, 0.98, 0.99, 0.99, 0.99, 0.99, 1.0, 1.0]
prid450 primed std ranking:         [0.02, 0.04, 0.05, 0.05, 0.06, 0.06, 0.06, 0.07, 0.07, 0.07, 0.08, 0.08, 0.08, 0.09, 0.09, 0.09, 0.1, 0.1, 0.11, 0.11, 0.11, 0.11, 0.12, 0.12, 0.12, 0.12, 0.12, 0.12, 0.12, 0.12, 0.13, 0.13, 0.13, 0.13, 0.13, 0.14, 0.14, 0.15, 0.15, 0.14, 0.15, 0.15, 0.15, 0.14, 0.15, 0.14, 0.14, 0.14, 0.14, 0.13, 0.13, 0.13, 0.14, 0.13, 0.13, 0.13, 0.13, 0.13, 0.13, 0.12, 0.11, 0.12, 0.11, 0.11, 0.11, 0.1, 0.1, 0.1, 0.09, 0.1, 0.09, 0.09, 0.08, 0.08, 0.08, 0.07, 0.07, 0.06, 0.06, 0.05, 0.05, 0.05, 0.04, 0.04, 0.04, 0.04, 0.03, 0.03, 0.03, 0.03, 0.03, 0.03, 0.02, 0.02, 0.01, 0.01, 0.01, 0.01, 0.0, 0.0]
