name_of_experiment:         experiment 19_0_0: priming on viper. epoch=5. CLR w same min max vals
file_name:                  experiments_thesis.py
date:                       19/08/2017   02:10:24
duration:                   2551.053300
viper base mean tp,fp,tn,fn:    [70.75, 3326.4, 6573.6, 29.25]
viper base std tp,fp,tn,fn:     [11.91, 905.16, 905.16, 11.91]
viper base detection rate (TP/(TP+FN)):      0.7075
viper base false alarm (FP/(FP+TN)):        0.336
viper base mean ranking:        [0.06, 0.12, 0.16, 0.2, 0.23, 0.26, 0.28, 0.31, 0.34, 0.36, 0.39, 0.41, 0.43, 0.45, 0.46, 0.48, 0.49, 0.51, 0.52, 0.54, 0.55, 0.57, 0.58, 0.6, 0.61, 0.62, 0.63, 0.65, 0.66, 0.67, 0.68, 0.69, 0.7, 0.71, 0.72, 0.73, 0.74, 0.75, 0.75, 0.77, 0.77, 0.78, 0.79, 0.8, 0.81, 0.82, 0.82, 0.83, 0.84, 0.84, 0.85, 0.85, 0.86, 0.87, 0.88, 0.88, 0.89, 0.89, 0.9, 0.9, 0.91, 0.91, 0.91, 0.92, 0.92, 0.92, 0.93, 0.93, 0.94, 0.94, 0.94, 0.95, 0.95, 0.95, 0.96, 0.96, 0.96, 0.97, 0.97, 0.97, 0.97, 0.98, 0.98, 0.98, 0.99, 0.99, 0.99, 0.99, 0.99, 0.99, 0.99, 0.99, 0.99, 0.99, 1.0, 1.0, 1.0, 1.0, 1.0, 1.0]
viper base std ranking:         [0.02, 0.04, 0.05, 0.06, 0.07, 0.08, 0.09, 0.1, 0.1, 0.1, 0.11, 0.11, 0.12, 0.12, 0.12, 0.12, 0.12, 0.12, 0.12, 0.13, 0.13, 0.13, 0.13, 0.13, 0.13, 0.13, 0.13, 0.13, 0.13, 0.13, 0.13, 0.13, 0.13, 0.13, 0.13, 0.12, 0.12, 0.12, 0.12, 0.12, 0.12, 0.11, 0.11, 0.11, 0.1, 0.1, 0.1, 0.09, 0.09, 0.09, 0.09, 0.09, 0.09, 0.09, 0.08, 0.08, 0.07, 0.07, 0.07, 0.07, 0.07, 0.06, 0.06, 0.06, 0.06, 0.06, 0.06, 0.05, 0.05, 0.05, 0.05, 0.04, 0.04, 0.04, 0.04, 0.04, 0.03, 0.03, 0.03, 0.03, 0.03, 0.02, 0.02, 0.02, 0.02, 0.02, 0.02, 0.02, 0.01, 0.01, 0.01, 0.01, 0.01, 0.01, 0.01, 0.0, 0.0, 0.0, 0.0, 0.0]
viper primed mean tp,fp,tn,fn:    [56.05, 4751.9, 5148.1, 43.95]
viper primed std tp,fp,tn,fn:     [11.17, 710.56, 710.56, 11.17]
viper primed detection rate (TP/(TP+FN)):      0.5605
viper primed false alarm (FP/(FP+TN)):        0.47998989899
viper primed mean ranking:        [0.02, 0.03, 0.05, 0.07, 0.08, 0.1, 0.11, 0.12, 0.14, 0.15, 0.16, 0.17, 0.19, 0.2, 0.21, 0.22, 0.23, 0.24, 0.26, 0.27, 0.28, 0.29, 0.3, 0.31, 0.32, 0.33, 0.34, 0.35, 0.36, 0.37, 0.38, 0.4, 0.4, 0.42, 0.43, 0.44, 0.45, 0.46, 0.46, 0.47, 0.49, 0.5, 0.51, 0.52, 0.53, 0.55, 0.56, 0.57, 0.58, 0.59, 0.6, 0.61, 0.62, 0.63, 0.64, 0.64, 0.65, 0.66, 0.68, 0.69, 0.69, 0.7, 0.71, 0.72, 0.73, 0.74, 0.75, 0.76, 0.77, 0.78, 0.79, 0.8, 0.81, 0.82, 0.82, 0.83, 0.84, 0.85, 0.86, 0.86, 0.87, 0.88, 0.88, 0.89, 0.9, 0.91, 0.91, 0.92, 0.93, 0.94, 0.94, 0.94, 0.95, 0.96, 0.97, 0.97, 0.98, 0.99, 0.99, 1.0]
viper primed std ranking:         [0.02, 0.02, 0.02, 0.02, 0.02, 0.03, 0.03, 0.03, 0.03, 0.03, 0.03, 0.04, 0.04, 0.04, 0.04, 0.05, 0.05, 0.05, 0.05, 0.06, 0.06, 0.06, 0.07, 0.07, 0.07, 0.08, 0.08, 0.08, 0.09, 0.08, 0.09, 0.09, 0.09, 0.1, 0.1, 0.1, 0.1, 0.1, 0.11, 0.11, 0.11, 0.11, 0.11, 0.11, 0.11, 0.11, 0.12, 0.11, 0.11, 0.11, 0.11, 0.11, 0.11, 0.11, 0.11, 0.11, 0.11, 0.11, 0.11, 0.1, 0.1, 0.1, 0.1, 0.1, 0.1, 0.1, 0.1, 0.1, 0.1, 0.09, 0.09, 0.09, 0.08, 0.08, 0.07, 0.07, 0.07, 0.07, 0.06, 0.06, 0.06, 0.06, 0.05, 0.05, 0.05, 0.04, 0.04, 0.04, 0.04, 0.04, 0.03, 0.03, 0.02, 0.02, 0.02, 0.02, 0.01, 0.01, 0.01, 0.0]


name_of_experiment:         experiment 19_0_1: priming on grid. epoch=5. CLR w same min max vals
file_name:                  experiments_thesis.py
date:                       18/08/2017   22:07:08
duration:                   1445.060960
grid base mean tp,fp,tn,fn:    [70.7, 2787.1, 7112.9, 29.3]
grid base std tp,fp,tn,fn:     [6.46, 450.47, 450.47, 6.46]
grid base detection rate (TP/(TP+FN)):      0.707
grid base false alarm (FP/(FP+TN)):        0.281525252525
grid base mean ranking:        [0.05, 0.11, 0.15, 0.2, 0.23, 0.27, 0.31, 0.35, 0.37, 0.4, 0.42, 0.45, 0.48, 0.5, 0.52, 0.54, 0.56, 0.58, 0.6, 0.61, 0.63, 0.65, 0.66, 0.67, 0.69, 0.7, 0.72, 0.72, 0.73, 0.74, 0.76, 0.76, 0.77, 0.78, 0.79, 0.8, 0.81, 0.82, 0.82, 0.83, 0.84, 0.84, 0.85, 0.86, 0.87, 0.87, 0.88, 0.89, 0.89, 0.9, 0.9, 0.91, 0.91, 0.91, 0.92, 0.92, 0.93, 0.93, 0.93, 0.93, 0.94, 0.94, 0.95, 0.95, 0.95, 0.95, 0.96, 0.96, 0.96, 0.96, 0.97, 0.97, 0.97, 0.97, 0.98, 0.98, 0.98, 0.98, 0.98, 0.98, 0.98, 0.98, 0.99, 0.99, 0.99, 0.99, 0.99, 0.99, 0.99, 0.99, 1.0, 1.0, 1.0, 1.0, 1.0, 1.0, 1.0, 1.0, 1.0, 1.0]
grid base std ranking:         [0.02, 0.03, 0.03, 0.04, 0.05, 0.05, 0.05, 0.05, 0.06, 0.06, 0.06, 0.06, 0.07, 0.07, 0.07, 0.07, 0.08, 0.06, 0.06, 0.06, 0.06, 0.06, 0.06, 0.06, 0.06, 0.06, 0.06, 0.06, 0.06, 0.06, 0.06, 0.06, 0.05, 0.05, 0.05, 0.05, 0.05, 0.04, 0.04, 0.04, 0.05, 0.04, 0.04, 0.04, 0.04, 0.04, 0.04, 0.04, 0.04, 0.04, 0.04, 0.03, 0.03, 0.03, 0.03, 0.03, 0.03, 0.03, 0.03, 0.03, 0.03, 0.02, 0.02, 0.02, 0.02, 0.02, 0.02, 0.02, 0.02, 0.02, 0.02, 0.02, 0.01, 0.02, 0.02, 0.02, 0.02, 0.02, 0.01, 0.01, 0.01, 0.01, 0.01, 0.01, 0.01, 0.01, 0.01, 0.01, 0.01, 0.01, 0.01, 0.01, 0.0, 0.0, 0.0, 0.0, 0.0, 0.0, 0.0, 0.0]
grid primed mean tp,fp,tn,fn:    [76.2, 5078.55, 4821.45, 23.8]
grid primed std tp,fp,tn,fn:     [5.01, 248.89, 248.89, 5.01]
grid primed detection rate (TP/(TP+FN)):      0.762
grid primed false alarm (FP/(FP+TN)):        0.512984848485
grid primed mean ranking:        [0.03, 0.06, 0.1, 0.13, 0.16, 0.18, 0.2, 0.22, 0.25, 0.26, 0.28, 0.3, 0.32, 0.33, 0.35, 0.37, 0.38, 0.39, 0.42, 0.43, 0.44, 0.46, 0.47, 0.48, 0.5, 0.51, 0.52, 0.53, 0.54, 0.55, 0.57, 0.58, 0.59, 0.6, 0.61, 0.62, 0.63, 0.64, 0.65, 0.66, 0.67, 0.68, 0.69, 0.69, 0.7, 0.71, 0.72, 0.73, 0.74, 0.74, 0.75, 0.76, 0.77, 0.78, 0.79, 0.8, 0.8, 0.81, 0.82, 0.82, 0.83, 0.84, 0.85, 0.85, 0.86, 0.86, 0.87, 0.88, 0.89, 0.89, 0.9, 0.9, 0.91, 0.91, 0.92, 0.93, 0.93, 0.94, 0.94, 0.95, 0.95, 0.96, 0.96, 0.97, 0.97, 0.98, 0.98, 0.98, 0.98, 0.99, 0.99, 0.99, 0.99, 0.99, 1.0, 1.0, 1.0, 1.0, 1.0, 1.0]
grid primed std ranking:         [0.01, 0.02, 0.03, 0.03, 0.04, 0.04, 0.04, 0.04, 0.05, 0.05, 0.04, 0.05, 0.04, 0.04, 0.04, 0.04, 0.04, 0.04, 0.04, 0.03, 0.04, 0.04, 0.05, 0.05, 0.05, 0.05, 0.05, 0.05, 0.05, 0.05, 0.05, 0.05, 0.06, 0.06, 0.06, 0.05, 0.05, 0.05, 0.06, 0.06, 0.06, 0.06, 0.06, 0.06, 0.06, 0.06, 0.06, 0.06, 0.06, 0.06, 0.06, 0.05, 0.05, 0.05, 0.05, 0.05, 0.05, 0.05, 0.04, 0.04, 0.04, 0.04, 0.04, 0.04, 0.04, 0.04, 0.04, 0.04, 0.03, 0.03, 0.03, 0.03, 0.03, 0.02, 0.03, 0.03, 0.03, 0.03, 0.03, 0.03, 0.02, 0.02, 0.02, 0.02, 0.02, 0.01, 0.01, 0.01, 0.01, 0.01, 0.01, 0.01, 0.01, 0.01, 0.01, 0.01, 0.01, 0.01, 0.0, 0.0]


name_of_experiment:         experiment 19_0_2: priming on prid450. epoch=5. CLR w same min max vals
file_name:                  experiments_thesis.py
date:                       19/08/2017   00:21:43
duration:                   2005.579924
prid450 base mean tp,fp,tn,fn:    [72.25, 3297.5, 6602.5, 27.75]
prid450 base std tp,fp,tn,fn:     [11.48, 685.89, 685.89, 11.48]
prid450 base detection rate (TP/(TP+FN)):      0.7225
prid450 base false alarm (FP/(FP+TN)):        0.333080808081
prid450 base mean ranking:        [0.06, 0.1, 0.15, 0.19, 0.23, 0.26, 0.28, 0.3, 0.32, 0.34, 0.36, 0.38, 0.4, 0.42, 0.44, 0.45, 0.47, 0.48, 0.5, 0.52, 0.53, 0.55, 0.56, 0.57, 0.59, 0.6, 0.62, 0.63, 0.64, 0.65, 0.67, 0.68, 0.69, 0.7, 0.71, 0.72, 0.74, 0.75, 0.76, 0.77, 0.78, 0.79, 0.8, 0.81, 0.82, 0.83, 0.84, 0.85, 0.85, 0.86, 0.87, 0.87, 0.88, 0.89, 0.89, 0.9, 0.91, 0.91, 0.92, 0.93, 0.93, 0.94, 0.94, 0.95, 0.95, 0.96, 0.96, 0.96, 0.97, 0.97, 0.97, 0.97, 0.97, 0.98, 0.98, 0.98, 0.98, 0.98, 0.99, 0.99, 0.99, 0.99, 0.99, 0.99, 0.99, 0.99, 1.0, 1.0, 1.0, 1.0, 1.0, 1.0, 1.0, 1.0, 1.0, 1.0, 1.0, 1.0, 1.0, 1.0]
prid450 base std ranking:         [0.03, 0.04, 0.06, 0.07, 0.07, 0.07, 0.08, 0.08, 0.08, 0.08, 0.09, 0.09, 0.09, 0.08, 0.08, 0.09, 0.09, 0.1, 0.1, 0.1, 0.1, 0.1, 0.09, 0.1, 0.09, 0.09, 0.1, 0.1, 0.1, 0.09, 0.09, 0.08, 0.08, 0.08, 0.08, 0.08, 0.08, 0.07, 0.07, 0.06, 0.07, 0.07, 0.07, 0.06, 0.06, 0.06, 0.05, 0.05, 0.04, 0.04, 0.04, 0.04, 0.04, 0.04, 0.04, 0.03, 0.04, 0.03, 0.03, 0.03, 0.03, 0.03, 0.03, 0.03, 0.03, 0.03, 0.03, 0.02, 0.02, 0.02, 0.02, 0.02, 0.02, 0.02, 0.02, 0.02, 0.01, 0.01, 0.01, 0.01, 0.01, 0.01, 0.01, 0.01, 0.01, 0.01, 0.0, 0.0, 0.0, 0.0, 0.0, 0.0, 0.0, 0.0, 0.0, 0.0, 0.0, 0.0, 0.0, 0.0]
prid450 primed mean tp,fp,tn,fn:    [52.75, 4669.85, 5230.15, 47.25]
prid450 primed std tp,fp,tn,fn:     [14.91, 626.8, 626.8, 14.91]
prid450 primed detection rate (TP/(TP+FN)):      0.5275
prid450 primed false alarm (FP/(FP+TN)):        0.471702020202
prid450 primed mean ranking:        [0.02, 0.04, 0.06, 0.08, 0.09, 0.1, 0.12, 0.14, 0.15, 0.16, 0.17, 0.18, 0.19, 0.2, 0.21, 0.22, 0.24, 0.25, 0.25, 0.26, 0.27, 0.28, 0.29, 0.3, 0.31, 0.33, 0.33, 0.34, 0.36, 0.37, 0.38, 0.39, 0.4, 0.41, 0.42, 0.43, 0.44, 0.45, 0.46, 0.47, 0.48, 0.49, 0.5, 0.51, 0.52, 0.53, 0.53, 0.54, 0.55, 0.57, 0.57, 0.58, 0.59, 0.6, 0.61, 0.63, 0.64, 0.65, 0.66, 0.67, 0.68, 0.69, 0.7, 0.7, 0.71, 0.72, 0.73, 0.75, 0.76, 0.77, 0.78, 0.79, 0.81, 0.81, 0.82, 0.83, 0.84, 0.85, 0.86, 0.87, 0.88, 0.89, 0.9, 0.91, 0.92, 0.93, 0.93, 0.94, 0.94, 0.95, 0.96, 0.97, 0.97, 0.98, 0.98, 0.98, 0.99, 0.99, 1.0, 1.0]
prid450 primed std ranking:         [0.01, 0.03, 0.03, 0.03, 0.04, 0.04, 0.05, 0.05, 0.05, 0.06, 0.06, 0.07, 0.07, 0.07, 0.07, 0.07, 0.08, 0.08, 0.09, 0.09, 0.09, 0.1, 0.1, 0.1, 0.11, 0.11, 0.11, 0.11, 0.12, 0.12, 0.12, 0.12, 0.12, 0.12, 0.13, 0.13, 0.13, 0.13, 0.13, 0.13, 0.13, 0.13, 0.13, 0.13, 0.13, 0.13, 0.13, 0.13, 0.13, 0.13, 0.13, 0.13, 0.13, 0.13, 0.12, 0.12, 0.11, 0.12, 0.11, 0.11, 0.11, 0.11, 0.11, 0.11, 0.11, 0.11, 0.1, 0.1, 0.09, 0.09, 0.09, 0.09, 0.08, 0.08, 0.08, 0.08, 0.07, 0.07, 0.06, 0.06, 0.05, 0.06, 0.05, 0.04, 0.04, 0.04, 0.03, 0.03, 0.03, 0.03, 0.02, 0.02, 0.02, 0.02, 0.01, 0.01, 0.01, 0.01, 0.01, 0.0]
