name_of_experiment:         experiment 19_1_0: priming on viper. epoch=10. CLR w same min max vals
file_name:                  experiments_thesis.py
date:                       19/08/2017   02:56:32
duration:                   2761.050604
viper base mean tp,fp,tn,fn:    [70.15, 3569.05, 6330.95, 29.85]
viper base std tp,fp,tn,fn:     [10.37, 1369.7, 1369.7, 10.37]
viper base detection rate (TP/(TP+FN)):      0.7015
viper base false alarm (FP/(FP+TN)):        0.36051010101
viper base mean ranking:        [0.05, 0.08, 0.12, 0.16, 0.19, 0.23, 0.26, 0.29, 0.31, 0.34, 0.36, 0.39, 0.41, 0.43, 0.45, 0.47, 0.49, 0.51, 0.52, 0.54, 0.55, 0.57, 0.58, 0.59, 0.61, 0.62, 0.63, 0.65, 0.66, 0.67, 0.68, 0.69, 0.7, 0.71, 0.72, 0.73, 0.75, 0.76, 0.77, 0.77, 0.78, 0.79, 0.8, 0.81, 0.82, 0.82, 0.83, 0.84, 0.84, 0.85, 0.85, 0.86, 0.86, 0.87, 0.88, 0.88, 0.89, 0.89, 0.9, 0.9, 0.91, 0.91, 0.91, 0.92, 0.92, 0.93, 0.93, 0.93, 0.93, 0.94, 0.94, 0.94, 0.95, 0.95, 0.95, 0.96, 0.96, 0.96, 0.97, 0.97, 0.97, 0.97, 0.97, 0.98, 0.98, 0.98, 0.98, 0.99, 0.99, 0.99, 0.99, 0.99, 0.99, 0.99, 0.99, 0.99, 1.0, 1.0, 1.0, 1.0]
viper base std ranking:         [0.03, 0.04, 0.04, 0.06, 0.06, 0.07, 0.08, 0.08, 0.09, 0.09, 0.09, 0.1, 0.1, 0.11, 0.11, 0.11, 0.11, 0.11, 0.11, 0.1, 0.1, 0.1, 0.1, 0.1, 0.1, 0.11, 0.11, 0.11, 0.11, 0.11, 0.11, 0.11, 0.11, 0.11, 0.11, 0.11, 0.11, 0.11, 0.1, 0.11, 0.1, 0.1, 0.1, 0.1, 0.1, 0.09, 0.09, 0.09, 0.09, 0.08, 0.08, 0.08, 0.08, 0.08, 0.07, 0.07, 0.06, 0.06, 0.06, 0.06, 0.06, 0.06, 0.05, 0.05, 0.05, 0.05, 0.05, 0.05, 0.04, 0.04, 0.04, 0.04, 0.04, 0.04, 0.03, 0.03, 0.03, 0.03, 0.03, 0.03, 0.03, 0.02, 0.02, 0.02, 0.02, 0.02, 0.01, 0.01, 0.01, 0.01, 0.01, 0.01, 0.01, 0.01, 0.01, 0.01, 0.01, 0.01, 0.0, 0.0]
viper primed mean tp,fp,tn,fn:    [56.8, 4912.05, 4987.95, 43.2]
viper primed std tp,fp,tn,fn:     [15.9, 887.25, 887.25, 15.9]
viper primed detection rate (TP/(TP+FN)):      0.568
viper primed false alarm (FP/(FP+TN)):        0.496166666667
viper primed mean ranking:        [0.02, 0.04, 0.06, 0.08, 0.09, 0.1, 0.11, 0.12, 0.14, 0.15, 0.16, 0.17, 0.18, 0.2, 0.21, 0.22, 0.23, 0.24, 0.25, 0.27, 0.28, 0.29, 0.3, 0.31, 0.32, 0.33, 0.35, 0.36, 0.37, 0.38, 0.39, 0.4, 0.42, 0.43, 0.44, 0.45, 0.46, 0.47, 0.48, 0.49, 0.51, 0.51, 0.53, 0.54, 0.54, 0.55, 0.56, 0.57, 0.58, 0.59, 0.59, 0.6, 0.61, 0.62, 0.63, 0.64, 0.65, 0.66, 0.67, 0.68, 0.69, 0.7, 0.71, 0.71, 0.72, 0.73, 0.74, 0.75, 0.76, 0.77, 0.78, 0.79, 0.8, 0.81, 0.81, 0.82, 0.83, 0.84, 0.84, 0.85, 0.86, 0.87, 0.88, 0.89, 0.9, 0.9, 0.91, 0.92, 0.93, 0.93, 0.94, 0.95, 0.95, 0.96, 0.97, 0.97, 0.98, 0.99, 0.99, 1.0]
viper primed std ranking:         [0.01, 0.02, 0.03, 0.03, 0.04, 0.04, 0.04, 0.05, 0.05, 0.05, 0.05, 0.05, 0.05, 0.06, 0.06, 0.06, 0.06, 0.07, 0.07, 0.08, 0.08, 0.08, 0.08, 0.08, 0.09, 0.09, 0.1, 0.1, 0.11, 0.11, 0.11, 0.11, 0.12, 0.11, 0.11, 0.12, 0.12, 0.12, 0.12, 0.12, 0.12, 0.12, 0.12, 0.13, 0.13, 0.12, 0.12, 0.13, 0.13, 0.13, 0.12, 0.12, 0.12, 0.12, 0.11, 0.11, 0.11, 0.11, 0.11, 0.11, 0.11, 0.11, 0.11, 0.1, 0.1, 0.09, 0.09, 0.09, 0.09, 0.09, 0.09, 0.08, 0.08, 0.08, 0.08, 0.07, 0.07, 0.07, 0.07, 0.07, 0.06, 0.06, 0.05, 0.05, 0.05, 0.05, 0.05, 0.05, 0.04, 0.04, 0.04, 0.04, 0.03, 0.03, 0.03, 0.02, 0.02, 0.02, 0.01, 0.0]


name_of_experiment:         experiment 19_1_1: priming on grid. epoch=10. CLR w same min max vals
file_name:                  experiments_thesis.py
date:                       18/08/2017   22:35:04
duration:                   1669.322232
grid base mean tp,fp,tn,fn:    [72.4, 2775.25, 7124.75, 27.6]
grid base std tp,fp,tn,fn:     [8.65, 526.24, 526.24, 8.65]
grid base detection rate (TP/(TP+FN)):      0.724
grid base false alarm (FP/(FP+TN)):        0.280328282828
grid base mean ranking:        [0.07, 0.13, 0.18, 0.23, 0.26, 0.31, 0.35, 0.38, 0.41, 0.44, 0.47, 0.49, 0.5, 0.53, 0.55, 0.57, 0.59, 0.6, 0.62, 0.64, 0.65, 0.67, 0.68, 0.7, 0.71, 0.73, 0.74, 0.75, 0.75, 0.76, 0.77, 0.78, 0.79, 0.79, 0.8, 0.8, 0.82, 0.83, 0.83, 0.84, 0.85, 0.86, 0.86, 0.86, 0.87, 0.88, 0.88, 0.89, 0.89, 0.9, 0.9, 0.91, 0.91, 0.92, 0.92, 0.92, 0.93, 0.93, 0.93, 0.94, 0.94, 0.95, 0.95, 0.95, 0.96, 0.96, 0.96, 0.97, 0.97, 0.97, 0.97, 0.97, 0.97, 0.98, 0.98, 0.98, 0.98, 0.98, 0.99, 0.99, 0.99, 0.99, 0.99, 0.99, 0.99, 0.99, 0.99, 1.0, 1.0, 1.0, 1.0, 1.0, 1.0, 1.0, 1.0, 1.0, 1.0, 1.0, 1.0, 1.0]
grid base std ranking:         [0.02, 0.03, 0.03, 0.04, 0.05, 0.06, 0.06, 0.06, 0.07, 0.07, 0.07, 0.07, 0.07, 0.07, 0.07, 0.07, 0.07, 0.07, 0.07, 0.07, 0.07, 0.07, 0.07, 0.07, 0.07, 0.07, 0.07, 0.06, 0.06, 0.06, 0.06, 0.06, 0.06, 0.06, 0.06, 0.06, 0.05, 0.05, 0.05, 0.05, 0.05, 0.05, 0.05, 0.05, 0.04, 0.04, 0.04, 0.04, 0.04, 0.03, 0.04, 0.03, 0.04, 0.03, 0.03, 0.03, 0.03, 0.03, 0.03, 0.03, 0.03, 0.03, 0.02, 0.02, 0.02, 0.02, 0.02, 0.02, 0.02, 0.02, 0.02, 0.02, 0.02, 0.01, 0.02, 0.01, 0.01, 0.01, 0.01, 0.01, 0.01, 0.01, 0.01, 0.01, 0.01, 0.01, 0.01, 0.01, 0.01, 0.01, 0.01, 0.0, 0.0, 0.0, 0.0, 0.0, 0.0, 0.0, 0.0, 0.0]
grid primed mean tp,fp,tn,fn:    [71.5, 5026.25, 4873.75, 28.5]
grid primed std tp,fp,tn,fn:     [5.02, 240.36, 240.36, 5.02]
grid primed detection rate (TP/(TP+FN)):      0.715
grid primed false alarm (FP/(FP+TN)):        0.507702020202
grid primed mean ranking:        [0.03, 0.06, 0.09, 0.12, 0.14, 0.17, 0.19, 0.21, 0.23, 0.24, 0.27, 0.28, 0.3, 0.32, 0.33, 0.35, 0.36, 0.37, 0.39, 0.4, 0.41, 0.43, 0.44, 0.45, 0.46, 0.48, 0.49, 0.5, 0.51, 0.52, 0.54, 0.55, 0.56, 0.57, 0.58, 0.6, 0.61, 0.62, 0.63, 0.64, 0.66, 0.67, 0.67, 0.68, 0.69, 0.7, 0.71, 0.72, 0.72, 0.73, 0.74, 0.75, 0.75, 0.76, 0.77, 0.78, 0.79, 0.79, 0.8, 0.81, 0.82, 0.82, 0.83, 0.83, 0.84, 0.84, 0.85, 0.85, 0.86, 0.87, 0.87, 0.88, 0.88, 0.89, 0.89, 0.9, 0.91, 0.92, 0.92, 0.92, 0.93, 0.93, 0.94, 0.95, 0.95, 0.95, 0.96, 0.96, 0.96, 0.97, 0.97, 0.98, 0.98, 0.98, 0.99, 0.99, 0.99, 1.0, 1.0, 1.0]
grid primed std ranking:         [0.01, 0.02, 0.02, 0.02, 0.02, 0.02, 0.02, 0.03, 0.03, 0.03, 0.03, 0.04, 0.04, 0.05, 0.05, 0.05, 0.06, 0.06, 0.06, 0.06, 0.06, 0.06, 0.06, 0.06, 0.06, 0.07, 0.07, 0.06, 0.07, 0.07, 0.07, 0.07, 0.07, 0.07, 0.06, 0.06, 0.07, 0.07, 0.07, 0.07, 0.07, 0.07, 0.07, 0.07, 0.07, 0.07, 0.07, 0.06, 0.06, 0.06, 0.06, 0.06, 0.06, 0.06, 0.06, 0.06, 0.05, 0.05, 0.05, 0.04, 0.04, 0.04, 0.04, 0.04, 0.04, 0.04, 0.04, 0.04, 0.04, 0.04, 0.04, 0.04, 0.03, 0.04, 0.04, 0.03, 0.03, 0.03, 0.03, 0.03, 0.03, 0.03, 0.03, 0.02, 0.02, 0.02, 0.02, 0.02, 0.02, 0.01, 0.01, 0.01, 0.01, 0.01, 0.01, 0.01, 0.01, 0.01, 0.0, 0.0]


name_of_experiment:         experiment 19_1_2: priming on prid450. epoch=10. CLR w same min max vals
file_name:                  experiments_thesis.py
date:                       19/08/2017   00:58:48
duration:                   2218.576303
prid450 base mean tp,fp,tn,fn:    [72.35, 3424.4, 6475.6, 27.65]
prid450 base std tp,fp,tn,fn:     [11.2, 827.93, 827.93, 11.2]
prid450 base detection rate (TP/(TP+FN)):      0.7235
prid450 base false alarm (FP/(FP+TN)):        0.345898989899
prid450 base mean ranking:        [0.06, 0.1, 0.14, 0.17, 0.2, 0.23, 0.26, 0.28, 0.3, 0.32, 0.34, 0.35, 0.37, 0.39, 0.41, 0.42, 0.44, 0.46, 0.47, 0.49, 0.51, 0.52, 0.53, 0.55, 0.57, 0.58, 0.6, 0.61, 0.62, 0.64, 0.65, 0.66, 0.68, 0.69, 0.7, 0.71, 0.72, 0.73, 0.75, 0.76, 0.76, 0.77, 0.79, 0.8, 0.81, 0.82, 0.82, 0.83, 0.84, 0.85, 0.86, 0.87, 0.87, 0.88, 0.89, 0.89, 0.9, 0.91, 0.91, 0.92, 0.93, 0.93, 0.94, 0.94, 0.95, 0.95, 0.95, 0.96, 0.96, 0.97, 0.97, 0.97, 0.97, 0.98, 0.98, 0.98, 0.98, 0.98, 0.98, 0.99, 0.99, 0.99, 0.99, 0.99, 0.99, 0.99, 0.99, 0.99, 0.99, 1.0, 1.0, 1.0, 1.0, 1.0, 1.0, 1.0, 1.0, 1.0, 1.0, 1.0]
prid450 base std ranking:         [0.02, 0.03, 0.03, 0.04, 0.04, 0.04, 0.04, 0.05, 0.06, 0.05, 0.05, 0.05, 0.06, 0.06, 0.06, 0.06, 0.06, 0.06, 0.06, 0.06, 0.06, 0.06, 0.07, 0.07, 0.07, 0.07, 0.07, 0.08, 0.07, 0.07, 0.07, 0.07, 0.07, 0.07, 0.07, 0.07, 0.07, 0.07, 0.07, 0.07, 0.07, 0.07, 0.07, 0.07, 0.07, 0.06, 0.06, 0.06, 0.06, 0.06, 0.06, 0.06, 0.05, 0.05, 0.05, 0.05, 0.05, 0.04, 0.04, 0.04, 0.04, 0.03, 0.03, 0.03, 0.03, 0.03, 0.03, 0.03, 0.02, 0.02, 0.02, 0.02, 0.02, 0.02, 0.02, 0.02, 0.01, 0.01, 0.01, 0.01, 0.01, 0.01, 0.01, 0.01, 0.01, 0.01, 0.01, 0.01, 0.01, 0.01, 0.01, 0.01, 0.01, 0.01, 0.01, 0.0, 0.0, 0.0, 0.0, 0.0]
prid450 primed mean tp,fp,tn,fn:    [54.15, 5041.2, 4858.8, 45.85]
prid450 primed std tp,fp,tn,fn:     [8.76, 688.99, 688.99, 8.76]
prid450 primed detection rate (TP/(TP+FN)):      0.5415
prid450 primed false alarm (FP/(FP+TN)):        0.509212121212
prid450 primed mean ranking:        [0.02, 0.04, 0.06, 0.06, 0.08, 0.09, 0.1, 0.11, 0.12, 0.13, 0.14, 0.14, 0.16, 0.16, 0.17, 0.18, 0.19, 0.2, 0.2, 0.22, 0.23, 0.24, 0.25, 0.26, 0.27, 0.28, 0.29, 0.3, 0.31, 0.32, 0.33, 0.34, 0.35, 0.35, 0.37, 0.38, 0.39, 0.4, 0.41, 0.42, 0.43, 0.44, 0.46, 0.46, 0.47, 0.48, 0.49, 0.5, 0.51, 0.52, 0.54, 0.55, 0.56, 0.57, 0.58, 0.6, 0.61, 0.62, 0.63, 0.64, 0.65, 0.66, 0.67, 0.69, 0.7, 0.71, 0.72, 0.73, 0.74, 0.75, 0.76, 0.77, 0.77, 0.79, 0.79, 0.8, 0.81, 0.82, 0.83, 0.84, 0.85, 0.86, 0.87, 0.88, 0.89, 0.9, 0.9, 0.91, 0.92, 0.93, 0.94, 0.95, 0.96, 0.97, 0.97, 0.98, 0.98, 0.99, 1.0, 1.0]
prid450 primed std ranking:         [0.02, 0.02, 0.02, 0.03, 0.04, 0.05, 0.05, 0.05, 0.06, 0.06, 0.06, 0.06, 0.06, 0.07, 0.07, 0.07, 0.07, 0.07, 0.07, 0.07, 0.08, 0.08, 0.08, 0.08, 0.09, 0.09, 0.09, 0.09, 0.09, 0.09, 0.1, 0.1, 0.09, 0.1, 0.1, 0.1, 0.1, 0.1, 0.1, 0.1, 0.1, 0.1, 0.1, 0.09, 0.09, 0.1, 0.09, 0.09, 0.09, 0.09, 0.09, 0.09, 0.09, 0.09, 0.08, 0.08, 0.08, 0.07, 0.08, 0.08, 0.08, 0.08, 0.08, 0.07, 0.07, 0.06, 0.06, 0.06, 0.07, 0.07, 0.07, 0.06, 0.07, 0.07, 0.06, 0.06, 0.06, 0.06, 0.05, 0.05, 0.05, 0.05, 0.04, 0.04, 0.04, 0.04, 0.03, 0.03, 0.03, 0.03, 0.02, 0.02, 0.02, 0.02, 0.02, 0.01, 0.01, 0.01, 0.01, 0.0]
