name_of_experiment:         experiment 19_3_0: priming on viper. epoch=10. CLR w same min max vals
file_name:                  experiments_thesis.py
date:                       19/08/2017   04:26:46
duration:                   2799.053614
viper base mean tp,fp,tn,fn:    [69.6, 3642.0, 6258.0, 30.4]
viper base std tp,fp,tn,fn:     [12.45, 1225.91, 1225.91, 12.45]
viper base detection rate (TP/(TP+FN)):      0.696
viper base false alarm (FP/(FP+TN)):        0.367878787879
viper base mean ranking:        [0.06, 0.11, 0.15, 0.18, 0.21, 0.24, 0.27, 0.3, 0.32, 0.35, 0.36, 0.38, 0.4, 0.42, 0.44, 0.45, 0.47, 0.49, 0.5, 0.51, 0.53, 0.54, 0.55, 0.57, 0.59, 0.6, 0.61, 0.62, 0.64, 0.65, 0.66, 0.67, 0.68, 0.69, 0.7, 0.71, 0.72, 0.72, 0.73, 0.74, 0.75, 0.76, 0.77, 0.77, 0.78, 0.79, 0.8, 0.8, 0.81, 0.82, 0.83, 0.83, 0.84, 0.84, 0.85, 0.85, 0.86, 0.86, 0.87, 0.87, 0.88, 0.88, 0.89, 0.89, 0.9, 0.91, 0.91, 0.91, 0.92, 0.92, 0.92, 0.93, 0.93, 0.94, 0.94, 0.94, 0.95, 0.95, 0.95, 0.95, 0.96, 0.96, 0.97, 0.97, 0.97, 0.98, 0.98, 0.98, 0.98, 0.98, 0.98, 0.99, 0.99, 0.99, 0.99, 1.0, 1.0, 1.0, 1.0, 1.0]
viper base std ranking:         [0.03, 0.04, 0.05, 0.07, 0.07, 0.08, 0.09, 0.1, 0.11, 0.11, 0.11, 0.11, 0.12, 0.12, 0.13, 0.13, 0.13, 0.13, 0.14, 0.14, 0.14, 0.14, 0.14, 0.14, 0.14, 0.15, 0.15, 0.14, 0.15, 0.14, 0.14, 0.13, 0.13, 0.13, 0.13, 0.13, 0.12, 0.12, 0.12, 0.12, 0.12, 0.12, 0.12, 0.12, 0.11, 0.11, 0.11, 0.1, 0.1, 0.09, 0.09, 0.09, 0.09, 0.09, 0.09, 0.08, 0.08, 0.08, 0.08, 0.08, 0.08, 0.07, 0.07, 0.07, 0.06, 0.06, 0.06, 0.06, 0.06, 0.06, 0.05, 0.05, 0.05, 0.05, 0.04, 0.04, 0.04, 0.04, 0.04, 0.04, 0.04, 0.03, 0.03, 0.03, 0.03, 0.02, 0.02, 0.02, 0.02, 0.02, 0.02, 0.01, 0.01, 0.01, 0.01, 0.01, 0.0, 0.0, 0.0, 0.0]
viper primed mean tp,fp,tn,fn:    [54.5, 5185.05, 4714.95, 45.5]
viper primed std tp,fp,tn,fn:     [12.78, 936.85, 936.85, 12.78]
viper primed detection rate (TP/(TP+FN)):      0.545
viper primed false alarm (FP/(FP+TN)):        0.523742424242
viper primed mean ranking:        [0.02, 0.03, 0.05, 0.06, 0.07, 0.09, 0.09, 0.11, 0.12, 0.13, 0.14, 0.15, 0.16, 0.17, 0.19, 0.19, 0.2, 0.21, 0.22, 0.23, 0.24, 0.25, 0.26, 0.27, 0.28, 0.28, 0.29, 0.3, 0.31, 0.32, 0.33, 0.34, 0.35, 0.37, 0.37, 0.38, 0.4, 0.4, 0.42, 0.43, 0.44, 0.45, 0.46, 0.47, 0.48, 0.49, 0.5, 0.51, 0.51, 0.52, 0.53, 0.54, 0.55, 0.56, 0.58, 0.59, 0.59, 0.61, 0.62, 0.63, 0.64, 0.65, 0.66, 0.67, 0.69, 0.7, 0.71, 0.72, 0.73, 0.74, 0.74, 0.75, 0.76, 0.77, 0.78, 0.8, 0.8, 0.81, 0.82, 0.83, 0.84, 0.85, 0.86, 0.87, 0.88, 0.89, 0.9, 0.91, 0.92, 0.93, 0.94, 0.95, 0.95, 0.95, 0.96, 0.97, 0.98, 0.98, 0.99, 1.0]
viper primed std ranking:         [0.01, 0.02, 0.03, 0.03, 0.04, 0.04, 0.04, 0.05, 0.05, 0.05, 0.05, 0.05, 0.06, 0.06, 0.07, 0.07, 0.07, 0.07, 0.07, 0.07, 0.07, 0.07, 0.07, 0.07, 0.07, 0.07, 0.07, 0.07, 0.07, 0.07, 0.07, 0.08, 0.08, 0.08, 0.08, 0.08, 0.08, 0.08, 0.09, 0.09, 0.09, 0.09, 0.09, 0.09, 0.08, 0.08, 0.08, 0.09, 0.08, 0.09, 0.09, 0.09, 0.09, 0.08, 0.09, 0.08, 0.08, 0.08, 0.08, 0.09, 0.08, 0.08, 0.08, 0.08, 0.08, 0.08, 0.07, 0.07, 0.07, 0.07, 0.06, 0.06, 0.06, 0.06, 0.06, 0.05, 0.05, 0.05, 0.04, 0.05, 0.05, 0.04, 0.04, 0.05, 0.04, 0.04, 0.03, 0.03, 0.03, 0.03, 0.03, 0.02, 0.02, 0.02, 0.01, 0.01, 0.01, 0.01, 0.01, 0.0]


name_of_experiment:         experiment 19_3_1: priming on grid. epoch=10. CLR w same min max vals
file_name:                  experiments_thesis.py
date:                       18/08/2017   23:27:16
duration:                   1656.448458
grid base mean tp,fp,tn,fn:    [73.5, 2882.0, 7018.0, 26.5]
grid base std tp,fp,tn,fn:     [8.99, 389.06, 389.06, 8.99]
grid base detection rate (TP/(TP+FN)):      0.735
grid base false alarm (FP/(FP+TN)):        0.291111111111
grid base mean ranking:        [0.08, 0.13, 0.18, 0.22, 0.27, 0.31, 0.34, 0.37, 0.4, 0.43, 0.45, 0.48, 0.5, 0.52, 0.54, 0.56, 0.57, 0.59, 0.61, 0.62, 0.64, 0.66, 0.67, 0.69, 0.7, 0.71, 0.72, 0.73, 0.74, 0.75, 0.76, 0.78, 0.79, 0.8, 0.8, 0.81, 0.82, 0.82, 0.83, 0.84, 0.85, 0.85, 0.86, 0.87, 0.87, 0.88, 0.88, 0.89, 0.89, 0.9, 0.9, 0.91, 0.91, 0.92, 0.92, 0.92, 0.93, 0.93, 0.93, 0.94, 0.94, 0.94, 0.94, 0.95, 0.95, 0.95, 0.96, 0.96, 0.96, 0.96, 0.96, 0.97, 0.97, 0.97, 0.97, 0.98, 0.98, 0.98, 0.98, 0.98, 0.98, 0.99, 0.99, 0.99, 0.99, 0.99, 0.99, 0.99, 0.99, 0.99, 1.0, 1.0, 1.0, 1.0, 1.0, 1.0, 1.0, 1.0, 1.0, 1.0]
grid base std ranking:         [0.02, 0.03, 0.04, 0.05, 0.05, 0.05, 0.06, 0.06, 0.07, 0.07, 0.07, 0.08, 0.08, 0.08, 0.08, 0.08, 0.08, 0.08, 0.08, 0.08, 0.07, 0.07, 0.07, 0.07, 0.07, 0.07, 0.07, 0.07, 0.07, 0.07, 0.07, 0.07, 0.07, 0.06, 0.07, 0.07, 0.06, 0.06, 0.06, 0.06, 0.05, 0.06, 0.06, 0.06, 0.05, 0.05, 0.05, 0.05, 0.05, 0.04, 0.04, 0.04, 0.04, 0.04, 0.04, 0.04, 0.04, 0.03, 0.03, 0.03, 0.03, 0.03, 0.03, 0.02, 0.02, 0.02, 0.02, 0.02, 0.02, 0.02, 0.02, 0.02, 0.02, 0.02, 0.02, 0.02, 0.02, 0.02, 0.01, 0.01, 0.01, 0.01, 0.01, 0.01, 0.01, 0.01, 0.01, 0.01, 0.01, 0.01, 0.01, 0.01, 0.0, 0.0, 0.0, 0.0, 0.0, 0.0, 0.0, 0.0]
grid primed mean tp,fp,tn,fn:    [70.75, 5100.85, 4799.15, 29.25]
grid primed std tp,fp,tn,fn:     [5.73, 175.02, 175.02, 5.73]
grid primed detection rate (TP/(TP+FN)):      0.7075
grid primed false alarm (FP/(FP+TN)):        0.515237373737
grid primed mean ranking:        [0.03, 0.06, 0.08, 0.1, 0.12, 0.14, 0.16, 0.19, 0.2, 0.22, 0.25, 0.27, 0.28, 0.3, 0.32, 0.33, 0.35, 0.36, 0.38, 0.39, 0.41, 0.42, 0.44, 0.45, 0.46, 0.47, 0.48, 0.5, 0.51, 0.52, 0.53, 0.54, 0.55, 0.56, 0.57, 0.57, 0.58, 0.59, 0.6, 0.61, 0.62, 0.63, 0.64, 0.65, 0.66, 0.67, 0.68, 0.69, 0.7, 0.71, 0.72, 0.73, 0.73, 0.74, 0.75, 0.76, 0.76, 0.78, 0.78, 0.79, 0.8, 0.8, 0.81, 0.82, 0.82, 0.83, 0.83, 0.84, 0.85, 0.85, 0.86, 0.86, 0.87, 0.87, 0.88, 0.89, 0.89, 0.9, 0.91, 0.91, 0.92, 0.93, 0.93, 0.94, 0.95, 0.95, 0.95, 0.96, 0.96, 0.97, 0.97, 0.98, 0.98, 0.98, 0.98, 0.99, 0.99, 0.99, 1.0, 1.0]
grid primed std ranking:         [0.01, 0.02, 0.02, 0.02, 0.03, 0.03, 0.04, 0.04, 0.04, 0.04, 0.05, 0.05, 0.06, 0.06, 0.06, 0.06, 0.06, 0.06, 0.07, 0.07, 0.07, 0.07, 0.07, 0.07, 0.07, 0.07, 0.07, 0.07, 0.07, 0.08, 0.08, 0.08, 0.07, 0.07, 0.07, 0.07, 0.07, 0.07, 0.07, 0.07, 0.07, 0.07, 0.07, 0.06, 0.06, 0.06, 0.06, 0.06, 0.06, 0.06, 0.06, 0.06, 0.06, 0.06, 0.06, 0.05, 0.06, 0.05, 0.05, 0.05, 0.05, 0.05, 0.05, 0.05, 0.05, 0.05, 0.05, 0.05, 0.05, 0.04, 0.04, 0.04, 0.04, 0.04, 0.04, 0.04, 0.04, 0.03, 0.03, 0.03, 0.03, 0.03, 0.03, 0.02, 0.02, 0.02, 0.02, 0.02, 0.02, 0.01, 0.01, 0.01, 0.01, 0.01, 0.01, 0.01, 0.01, 0.01, 0.0, 0.0]


name_of_experiment:         experiment 19_3_2: priming on prid450. epoch=10. CLR w same min max vals
file_name:                  experiments_thesis.py
date:                       19/08/2017   02:09:44
duration:                   2226.771095
prid450 base mean tp,fp,tn,fn:    [69.7, 3210.15, 6689.85, 30.3]
prid450 base std tp,fp,tn,fn:     [10.1, 716.37, 716.37, 10.1]
prid450 base detection rate (TP/(TP+FN)):      0.697
prid450 base false alarm (FP/(FP+TN)):        0.324257575758
prid450 base mean ranking:        [0.06, 0.11, 0.14, 0.17, 0.2, 0.23, 0.25, 0.28, 0.3, 0.32, 0.34, 0.36, 0.38, 0.4, 0.42, 0.44, 0.46, 0.47, 0.49, 0.5, 0.52, 0.54, 0.55, 0.56, 0.58, 0.59, 0.61, 0.62, 0.63, 0.64, 0.66, 0.67, 0.68, 0.69, 0.7, 0.72, 0.73, 0.74, 0.75, 0.76, 0.78, 0.78, 0.8, 0.8, 0.82, 0.82, 0.83, 0.84, 0.85, 0.86, 0.86, 0.87, 0.88, 0.89, 0.89, 0.9, 0.9, 0.91, 0.92, 0.92, 0.93, 0.93, 0.94, 0.94, 0.94, 0.95, 0.95, 0.95, 0.96, 0.96, 0.96, 0.97, 0.97, 0.97, 0.98, 0.98, 0.98, 0.98, 0.98, 0.99, 0.99, 0.99, 0.99, 0.99, 0.99, 0.99, 0.99, 1.0, 1.0, 1.0, 1.0, 1.0, 1.0, 1.0, 1.0, 1.0, 1.0, 1.0, 1.0, 1.0]
prid450 base std ranking:         [0.03, 0.04, 0.05, 0.05, 0.06, 0.06, 0.07, 0.07, 0.07, 0.07, 0.06, 0.07, 0.07, 0.07, 0.08, 0.08, 0.08, 0.08, 0.08, 0.08, 0.08, 0.08, 0.08, 0.08, 0.08, 0.08, 0.08, 0.08, 0.08, 0.08, 0.07, 0.07, 0.07, 0.06, 0.06, 0.06, 0.06, 0.06, 0.06, 0.06, 0.06, 0.06, 0.06, 0.06, 0.05, 0.05, 0.05, 0.05, 0.05, 0.05, 0.05, 0.05, 0.05, 0.05, 0.04, 0.04, 0.04, 0.04, 0.04, 0.04, 0.04, 0.04, 0.03, 0.03, 0.03, 0.03, 0.03, 0.03, 0.02, 0.02, 0.02, 0.02, 0.02, 0.02, 0.02, 0.02, 0.02, 0.02, 0.01, 0.01, 0.01, 0.01, 0.01, 0.01, 0.01, 0.01, 0.01, 0.01, 0.01, 0.01, 0.01, 0.01, 0.0, 0.0, 0.0, 0.0, 0.0, 0.0, 0.0, 0.0]
prid450 primed mean tp,fp,tn,fn:    [49.55, 4930.4, 4969.6, 50.45]
prid450 primed std tp,fp,tn,fn:     [7.59, 569.06, 569.06, 7.59]
prid450 primed detection rate (TP/(TP+FN)):      0.4955
prid450 primed false alarm (FP/(FP+TN)):        0.49802020202
prid450 primed mean ranking:        [0.02, 0.04, 0.05, 0.06, 0.07, 0.08, 0.09, 0.1, 0.11, 0.12, 0.13, 0.13, 0.14, 0.15, 0.16, 0.17, 0.18, 0.18, 0.19, 0.21, 0.21, 0.23, 0.24, 0.25, 0.26, 0.26, 0.27, 0.28, 0.29, 0.3, 0.31, 0.32, 0.33, 0.33, 0.34, 0.35, 0.36, 0.37, 0.38, 0.39, 0.39, 0.4, 0.41, 0.42, 0.43, 0.44, 0.44, 0.46, 0.47, 0.47, 0.48, 0.49, 0.51, 0.52, 0.53, 0.54, 0.55, 0.57, 0.58, 0.59, 0.6, 0.61, 0.62, 0.63, 0.64, 0.65, 0.66, 0.68, 0.69, 0.7, 0.72, 0.73, 0.74, 0.75, 0.76, 0.77, 0.79, 0.8, 0.81, 0.82, 0.83, 0.85, 0.86, 0.87, 0.88, 0.89, 0.9, 0.9, 0.91, 0.92, 0.93, 0.94, 0.95, 0.95, 0.96, 0.97, 0.99, 0.99, 1.0, 1.0]
prid450 primed std ranking:         [0.01, 0.02, 0.03, 0.03, 0.03, 0.04, 0.04, 0.04, 0.04, 0.04, 0.05, 0.04, 0.04, 0.05, 0.05, 0.05, 0.05, 0.05, 0.06, 0.06, 0.06, 0.07, 0.06, 0.07, 0.07, 0.07, 0.07, 0.07, 0.07, 0.07, 0.07, 0.07, 0.07, 0.07, 0.07, 0.07, 0.08, 0.08, 0.08, 0.08, 0.08, 0.08, 0.08, 0.09, 0.09, 0.09, 0.1, 0.1, 0.1, 0.09, 0.09, 0.09, 0.09, 0.09, 0.09, 0.1, 0.09, 0.09, 0.09, 0.09, 0.09, 0.09, 0.09, 0.09, 0.09, 0.09, 0.09, 0.08, 0.08, 0.09, 0.09, 0.08, 0.08, 0.08, 0.08, 0.07, 0.07, 0.06, 0.06, 0.06, 0.06, 0.06, 0.06, 0.06, 0.05, 0.05, 0.05, 0.05, 0.04, 0.04, 0.04, 0.03, 0.03, 0.03, 0.03, 0.02, 0.01, 0.01, 0.01, 0.0]
