name_of_experiment:         experiment 20_0: video_head_type=3d_convolution on prid2011_450, batchnorm, with concatenation
file_name:                  siamese_cnn_video.py
date:                       23/08/2017   22:07:04
duration:                   18329.773991
prid2011_450 mean tp,fp,tn,fn:    [73.6, 795.8, 9104.2, 26.4]
prid2011_450 std tp,fp,tn,fn:     [7.94, 141.27, 141.27, 7.94]
prid2011_450 detection rate (TP/(TP+FN)):      0.736
prid2011_450 false alarm (FP/(FP+TN)):        0.0803838383838
prid2011_450 mean ranking:        [0.42, 0.54, 0.59, 0.63, 0.66, 0.69, 0.71, 0.73, 0.74, 0.76, 0.77, 0.79, 0.79, 0.8, 0.81, 0.82, 0.82, 0.83, 0.83, 0.83, 0.84, 0.84, 0.84, 0.84, 0.85, 0.85, 0.86, 0.86, 0.86, 0.87, 0.87, 0.87, 0.87, 0.87, 0.87, 0.88, 0.88, 0.89, 0.89, 0.89, 0.89, 0.89, 0.9, 0.9, 0.9, 0.9, 0.9, 0.91, 0.91, 0.91, 0.91, 0.92, 0.92, 0.93, 0.93, 0.93, 0.93, 0.93, 0.93, 0.94, 0.94, 0.94, 0.94, 0.95, 0.95, 0.95, 0.95, 0.95, 0.95, 0.96, 0.96, 0.96, 0.96, 0.97, 0.97, 0.97, 0.97, 0.98, 0.98, 0.98, 0.98, 0.98, 0.98, 0.98, 0.98, 0.99, 0.99, 0.99, 0.99, 0.99, 0.99, 0.99, 0.99, 0.99, 0.99, 1.0, 1.0, 1.0, 1.0, 1.0]
prid2011_450 std ranking:         [0.06, 0.07, 0.08, 0.08, 0.07, 0.06, 0.06, 0.07, 0.07, 0.07, 0.07, 0.06, 0.06, 0.06, 0.06, 0.06, 0.06, 0.06, 0.05, 0.06, 0.05, 0.05, 0.05, 0.05, 0.05, 0.05, 0.05, 0.05, 0.05, 0.05, 0.05, 0.05, 0.05, 0.05, 0.05, 0.05, 0.05, 0.06, 0.06, 0.06, 0.06, 0.06, 0.06, 0.06, 0.06, 0.06, 0.06, 0.05, 0.05, 0.05, 0.05, 0.05, 0.04, 0.04, 0.04, 0.04, 0.04, 0.04, 0.04, 0.04, 0.04, 0.04, 0.03, 0.03, 0.03, 0.03, 0.03, 0.03, 0.03, 0.02, 0.02, 0.03, 0.02, 0.02, 0.02, 0.02, 0.02, 0.01, 0.01, 0.01, 0.01, 0.01, 0.01, 0.01, 0.01, 0.01, 0.01, 0.01, 0.01, 0.01, 0.01, 0.01, 0.01, 0.01, 0.0, 0.0, 0.0, 0.0, 0.0, 0.0]
prid2011_450 G mean tp,fp,tn,fn:    [73.6, 82.6, 817.4, 26.4]
prid2011_450 G std tp,fp,tn,fn:     [7.94, 26.6, 26.6, 7.94]


name_of_experiment:         experiment 20_1: video_head_type=3d_convolution on prid2011_450, batchnorm, with absolute
file_name:                  siamese_cnn_video.pyc
date:                       23/08/2017   22:11:24
duration:                   18586.950952
prid2011_450 mean tp,fp,tn,fn:    [52.4, 212.6, 9687.4, 47.6]
prid2011_450 std tp,fp,tn,fn:     [7.86, 139.67, 139.67, 7.86]
prid2011_450 detection rate (TP/(TP+FN)):      0.524
prid2011_450 false alarm (FP/(FP+TN)):        0.0214747474747
prid2011_450 mean ranking:        [0.44, 0.54, 0.58, 0.62, 0.64, 0.65, 0.67, 0.69, 0.7, 0.71, 0.72, 0.72, 0.74, 0.74, 0.75, 0.76, 0.76, 0.76, 0.77, 0.77, 0.77, 0.78, 0.78, 0.78, 0.79, 0.79, 0.79, 0.8, 0.81, 0.82, 0.82, 0.82, 0.82, 0.82, 0.82, 0.83, 0.84, 0.84, 0.85, 0.85, 0.85, 0.85, 0.86, 0.86, 0.86, 0.87, 0.87, 0.87, 0.88, 0.88, 0.89, 0.89, 0.89, 0.9, 0.9, 0.9, 0.9, 0.9, 0.9, 0.9, 0.9, 0.91, 0.91, 0.92, 0.92, 0.92, 0.92, 0.93, 0.93, 0.93, 0.93, 0.93, 0.94, 0.94, 0.95, 0.95, 0.95, 0.96, 0.96, 0.96, 0.97, 0.97, 0.97, 0.97, 0.97, 0.98, 0.98, 0.98, 0.98, 0.98, 0.98, 0.98, 0.98, 0.99, 0.99, 0.99, 0.99, 1.0, 1.0, 1.0]
prid2011_450 std ranking:         [0.09, 0.06, 0.06, 0.05, 0.05, 0.06, 0.06, 0.06, 0.07, 0.06, 0.06, 0.06, 0.06, 0.06, 0.06, 0.07, 0.06, 0.06, 0.07, 0.07, 0.06, 0.06, 0.06, 0.06, 0.06, 0.07, 0.07, 0.07, 0.07, 0.07, 0.07, 0.07, 0.07, 0.07, 0.07, 0.08, 0.08, 0.08, 0.07, 0.07, 0.07, 0.07, 0.07, 0.07, 0.07, 0.07, 0.07, 0.07, 0.06, 0.06, 0.06, 0.06, 0.06, 0.06, 0.06, 0.06, 0.06, 0.06, 0.06, 0.06, 0.06, 0.06, 0.06, 0.05, 0.05, 0.05, 0.05, 0.05, 0.05, 0.05, 0.05, 0.04, 0.04, 0.04, 0.04, 0.04, 0.03, 0.03, 0.03, 0.02, 0.02, 0.02, 0.02, 0.02, 0.02, 0.02, 0.02, 0.02, 0.02, 0.02, 0.02, 0.02, 0.02, 0.02, 0.02, 0.02, 0.02, 0.01, 0.01, 0.0]
prid2011_450 G mean tp,fp,tn,fn:    [52.4, 13.6, 886.4, 47.6]
prid2011_450 G std tp,fp,tn,fn:     [7.86, 4.84, 4.84, 7.86]