name_of_experiment:         experiment 21_0: priming on viper with augmented data. ratio 1:1
file_name:                  experiments_thesis.py
date:                       24/08/2017   02:23:45
duration:                   33720.355770
viper base mean tp,fp,tn,fn:    [56.45, 2330.8, 7569.2, 43.55]
viper base std tp,fp,tn,fn:     [12.14, 650.53, 650.53, 12.14]
viper base detection rate (TP/(TP+FN)):      0.5645
viper base false alarm (FP/(FP+TN)):        0.235434343434
viper base mean ranking:        [0.06, 0.11, 0.16, 0.19, 0.23, 0.26, 0.29, 0.32, 0.35, 0.37, 0.39, 0.41, 0.43, 0.45, 0.47, 0.49, 0.51, 0.53, 0.54, 0.56, 0.57, 0.59, 0.6, 0.61, 0.62, 0.63, 0.65, 0.66, 0.67, 0.68, 0.69, 0.7, 0.71, 0.72, 0.73, 0.74, 0.75, 0.76, 0.77, 0.78, 0.78, 0.79, 0.8, 0.81, 0.82, 0.82, 0.83, 0.84, 0.84, 0.85, 0.85, 0.86, 0.87, 0.87, 0.88, 0.89, 0.89, 0.89, 0.89, 0.9, 0.9, 0.91, 0.91, 0.92, 0.92, 0.92, 0.93, 0.93, 0.93, 0.94, 0.94, 0.95, 0.95, 0.95, 0.96, 0.96, 0.96, 0.96, 0.96, 0.96, 0.97, 0.97, 0.97, 0.97, 0.97, 0.97, 0.98, 0.98, 0.98, 0.99, 0.99, 0.99, 0.99, 0.99, 0.99, 0.99, 1.0, 1.0, 1.0, 1.0]
viper base std ranking:         [0.03, 0.03, 0.04, 0.05, 0.05, 0.07, 0.08, 0.09, 0.09, 0.1, 0.1, 0.1, 0.11, 0.11, 0.11, 0.12, 0.12, 0.12, 0.12, 0.12, 0.12, 0.12, 0.12, 0.12, 0.12, 0.12, 0.11, 0.11, 0.11, 0.11, 0.11, 0.11, 0.11, 0.11, 0.11, 0.11, 0.11, 0.1, 0.11, 0.11, 0.1, 0.1, 0.1, 0.1, 0.1, 0.1, 0.1, 0.1, 0.09, 0.09, 0.09, 0.08, 0.08, 0.08, 0.08, 0.08, 0.07, 0.07, 0.07, 0.07, 0.07, 0.07, 0.07, 0.06, 0.06, 0.06, 0.06, 0.06, 0.06, 0.05, 0.05, 0.04, 0.04, 0.04, 0.04, 0.04, 0.04, 0.04, 0.04, 0.04, 0.03, 0.03, 0.03, 0.03, 0.03, 0.03, 0.02, 0.02, 0.02, 0.02, 0.02, 0.01, 0.01, 0.01, 0.01, 0.01, 0.01, 0.01, 0.0, 0.0]
viper primed 5 clr same mean tp,fp,tn,fn:    [50.85, 4263.2, 5636.8, 49.15]
viper primed 5 clr same std tp,fp,tn,fn:     [9.5, 395.28, 395.28, 9.5]
viper primed 5 clr same detection rate (TP/(TP+FN)):      0.5085
viper primed 5 clr same false alarm (FP/(FP+TN)):        0.430626262626
viper primed 5 clr same mean ranking:        [0.03, 0.05, 0.07, 0.09, 0.1, 0.12, 0.13, 0.14, 0.16, 0.17, 0.18, 0.2, 0.21, 0.22, 0.23, 0.24, 0.25, 0.26, 0.28, 0.29, 0.3, 0.31, 0.32, 0.33, 0.34, 0.35, 0.36, 0.37, 0.38, 0.39, 0.4, 0.41, 0.42, 0.43, 0.45, 0.46, 0.47, 0.48, 0.49, 0.49, 0.5, 0.51, 0.52, 0.53, 0.54, 0.55, 0.56, 0.57, 0.58, 0.59, 0.59, 0.6, 0.61, 0.62, 0.63, 0.64, 0.65, 0.66, 0.67, 0.68, 0.69, 0.7, 0.71, 0.72, 0.73, 0.74, 0.75, 0.76, 0.77, 0.78, 0.79, 0.8, 0.8, 0.81, 0.82, 0.83, 0.84, 0.85, 0.85, 0.87, 0.88, 0.88, 0.89, 0.9, 0.91, 0.91, 0.92, 0.93, 0.93, 0.94, 0.95, 0.95, 0.96, 0.96, 0.97, 0.98, 0.98, 0.99, 1.0, 1.0]
viper primed 5 clr same std ranking:         [0.01, 0.02, 0.03, 0.03, 0.03, 0.04, 0.04, 0.05, 0.05, 0.05, 0.06, 0.06, 0.06, 0.06, 0.06, 0.06, 0.07, 0.07, 0.07, 0.07, 0.07, 0.07, 0.08, 0.08, 0.08, 0.09, 0.09, 0.09, 0.09, 0.09, 0.09, 0.09, 0.09, 0.09, 0.09, 0.1, 0.09, 0.1, 0.1, 0.1, 0.1, 0.1, 0.1, 0.1, 0.1, 0.1, 0.1, 0.1, 0.1, 0.1, 0.1, 0.1, 0.1, 0.1, 0.1, 0.1, 0.1, 0.09, 0.09, 0.08, 0.08, 0.08, 0.07, 0.07, 0.07, 0.06, 0.06, 0.06, 0.06, 0.06, 0.06, 0.06, 0.05, 0.05, 0.05, 0.05, 0.05, 0.05, 0.05, 0.04, 0.04, 0.04, 0.04, 0.04, 0.03, 0.03, 0.03, 0.03, 0.03, 0.02, 0.02, 0.02, 0.02, 0.02, 0.02, 0.01, 0.01, 0.01, 0.01, 0.0]
viper primed 10 clr same mean tp,fp,tn,fn:    [50.65, 4595.5, 5304.5, 49.35]
viper primed 10 clr same std tp,fp,tn,fn:     [6.84, 521.51, 521.51, 6.84]
viper primed 10 clr same detection rate (TP/(TP+FN)):      0.5065
viper primed 10 clr same false alarm (FP/(FP+TN)):        0.464191919192
viper primed 10 clr same mean ranking:        [0.03, 0.04, 0.06, 0.08, 0.09, 0.1, 0.11, 0.12, 0.14, 0.15, 0.16, 0.18, 0.19, 0.2, 0.21, 0.22, 0.23, 0.24, 0.25, 0.27, 0.28, 0.29, 0.3, 0.31, 0.32, 0.33, 0.34, 0.35, 0.36, 0.37, 0.38, 0.38, 0.4, 0.41, 0.41, 0.43, 0.44, 0.44, 0.45, 0.46, 0.47, 0.47, 0.48, 0.49, 0.5, 0.51, 0.52, 0.53, 0.54, 0.55, 0.56, 0.57, 0.59, 0.6, 0.6, 0.61, 0.62, 0.63, 0.65, 0.66, 0.67, 0.68, 0.69, 0.69, 0.7, 0.71, 0.72, 0.73, 0.74, 0.75, 0.76, 0.77, 0.79, 0.79, 0.8, 0.8, 0.81, 0.82, 0.82, 0.83, 0.84, 0.85, 0.86, 0.87, 0.89, 0.9, 0.91, 0.91, 0.92, 0.93, 0.93, 0.94, 0.95, 0.96, 0.97, 0.97, 0.98, 0.98, 0.99, 1.0]
viper primed 10 clr same std ranking:         [0.01, 0.02, 0.02, 0.02, 0.02, 0.02, 0.02, 0.03, 0.03, 0.03, 0.04, 0.04, 0.04, 0.04, 0.04, 0.04, 0.04, 0.04, 0.05, 0.05, 0.05, 0.05, 0.05, 0.05, 0.05, 0.04, 0.05, 0.05, 0.06, 0.06, 0.06, 0.06, 0.06, 0.06, 0.06, 0.06, 0.06, 0.06, 0.06, 0.06, 0.06, 0.06, 0.07, 0.07, 0.07, 0.06, 0.06, 0.06, 0.07, 0.06, 0.06, 0.06, 0.05, 0.05, 0.05, 0.05, 0.06, 0.06, 0.07, 0.07, 0.06, 0.06, 0.06, 0.06, 0.07, 0.06, 0.06, 0.06, 0.06, 0.06, 0.06, 0.05, 0.05, 0.05, 0.05, 0.05, 0.04, 0.04, 0.04, 0.04, 0.04, 0.03, 0.03, 0.03, 0.03, 0.03, 0.03, 0.03, 0.02, 0.02, 0.02, 0.02, 0.02, 0.02, 0.01, 0.01, 0.01, 0.01, 0.01, 0.0]
viper primed 5 clr diff mean tp,fp,tn,fn:    [41.85, 2858.15, 7041.85, 58.15]
viper primed 5 clr diff std tp,fp,tn,fn:     [11.19, 562.14, 562.14, 11.19]
viper primed 5 clr diff detection rate (TP/(TP+FN)):      0.4185
viper primed 5 clr diff false alarm (FP/(FP+TN)):        0.288702020202
viper primed 5 clr diff mean ranking:        [0.03, 0.05, 0.07, 0.09, 0.11, 0.13, 0.14, 0.16, 0.17, 0.19, 0.2, 0.23, 0.24, 0.26, 0.27, 0.29, 0.3, 0.32, 0.33, 0.35, 0.36, 0.37, 0.38, 0.39, 0.4, 0.42, 0.43, 0.44, 0.45, 0.46, 0.47, 0.48, 0.5, 0.51, 0.51, 0.52, 0.53, 0.54, 0.55, 0.56, 0.57, 0.58, 0.59, 0.6, 0.61, 0.62, 0.63, 0.65, 0.66, 0.67, 0.68, 0.69, 0.71, 0.71, 0.72, 0.73, 0.74, 0.75, 0.75, 0.76, 0.77, 0.78, 0.79, 0.8, 0.81, 0.81, 0.82, 0.82, 0.83, 0.84, 0.85, 0.86, 0.87, 0.88, 0.88, 0.89, 0.9, 0.9, 0.91, 0.92, 0.92, 0.93, 0.93, 0.94, 0.94, 0.95, 0.95, 0.96, 0.96, 0.96, 0.97, 0.97, 0.98, 0.98, 0.98, 0.99, 0.99, 0.99, 1.0, 1.0]
viper primed 5 clr diff std ranking:         [0.02, 0.03, 0.03, 0.04, 0.04, 0.05, 0.05, 0.06, 0.07, 0.07, 0.07, 0.07, 0.08, 0.08, 0.09, 0.09, 0.09, 0.09, 0.09, 0.1, 0.1, 0.1, 0.1, 0.1, 0.1, 0.1, 0.1, 0.1, 0.1, 0.11, 0.1, 0.11, 0.11, 0.11, 0.11, 0.11, 0.11, 0.11, 0.11, 0.12, 0.11, 0.12, 0.11, 0.11, 0.11, 0.11, 0.11, 0.11, 0.11, 0.11, 0.1, 0.1, 0.1, 0.1, 0.1, 0.09, 0.09, 0.09, 0.09, 0.09, 0.09, 0.09, 0.09, 0.08, 0.08, 0.08, 0.08, 0.08, 0.08, 0.08, 0.07, 0.07, 0.07, 0.06, 0.06, 0.06, 0.05, 0.05, 0.05, 0.05, 0.05, 0.05, 0.04, 0.04, 0.04, 0.04, 0.04, 0.04, 0.04, 0.03, 0.03, 0.02, 0.01, 0.01, 0.01, 0.01, 0.01, 0.01, 0.0, 0.0]
viper primed 10 clr diff mean tp,fp,tn,fn:    [42.8, 3085.2, 6814.8, 57.2]
viper primed 10 clr diff std tp,fp,tn,fn:     [12.42, 704.54, 704.54, 12.42]
viper primed 10 clr diff detection rate (TP/(TP+FN)):      0.428
viper primed 10 clr diff false alarm (FP/(FP+TN)):        0.311636363636
viper primed 10 clr diff mean ranking:        [0.03, 0.05, 0.08, 0.1, 0.11, 0.13, 0.15, 0.16, 0.18, 0.2, 0.21, 0.23, 0.25, 0.26, 0.27, 0.28, 0.29, 0.3, 0.31, 0.32, 0.34, 0.35, 0.36, 0.38, 0.39, 0.4, 0.41, 0.43, 0.44, 0.45, 0.47, 0.48, 0.49, 0.5, 0.51, 0.52, 0.53, 0.55, 0.56, 0.57, 0.58, 0.59, 0.6, 0.6, 0.61, 0.62, 0.63, 0.64, 0.65, 0.66, 0.68, 0.69, 0.69, 0.7, 0.71, 0.72, 0.73, 0.74, 0.75, 0.75, 0.76, 0.77, 0.78, 0.78, 0.79, 0.8, 0.8, 0.81, 0.81, 0.82, 0.83, 0.84, 0.84, 0.85, 0.86, 0.87, 0.88, 0.88, 0.89, 0.9, 0.9, 0.91, 0.92, 0.92, 0.93, 0.93, 0.94, 0.95, 0.95, 0.96, 0.97, 0.97, 0.98, 0.98, 0.99, 0.99, 0.99, 1.0, 1.0, 1.0]
viper primed 10 clr diff std ranking:         [0.02, 0.03, 0.03, 0.04, 0.04, 0.04, 0.05, 0.05, 0.05, 0.06, 0.06, 0.06, 0.07, 0.07, 0.07, 0.08, 0.08, 0.08, 0.09, 0.09, 0.09, 0.09, 0.09, 0.1, 0.1, 0.1, 0.1, 0.1, 0.11, 0.11, 0.11, 0.11, 0.11, 0.11, 0.11, 0.11, 0.11, 0.12, 0.11, 0.12, 0.12, 0.12, 0.11, 0.11, 0.12, 0.12, 0.12, 0.12, 0.12, 0.11, 0.11, 0.1, 0.1, 0.1, 0.1, 0.09, 0.09, 0.09, 0.09, 0.09, 0.09, 0.09, 0.09, 0.09, 0.09, 0.08, 0.08, 0.08, 0.07, 0.07, 0.07, 0.07, 0.06, 0.06, 0.06, 0.05, 0.05, 0.05, 0.04, 0.04, 0.04, 0.04, 0.03, 0.03, 0.03, 0.03, 0.03, 0.03, 0.03, 0.02, 0.02, 0.02, 0.02, 0.01, 0.01, 0.01, 0.01, 0.01, 0.0, 0.0]
viper primed 5 lr 0.00001 mean tp,fp,tn,fn:    [44.95, 3822.25, 6077.75, 55.05]
viper primed 5 lr 0.00001 std tp,fp,tn,fn:     [12.12, 564.19, 564.19, 12.12]
viper primed 5 lr 0.00001 detection rate (TP/(TP+FN)):      0.4495
viper primed 5 lr 0.00001 false alarm (FP/(FP+TN)):        0.386085858586
viper primed 5 lr 0.00001 mean ranking:        [0.02, 0.04, 0.05, 0.07, 0.09, 0.1, 0.12, 0.13, 0.15, 0.16, 0.17, 0.18, 0.2, 0.21, 0.22, 0.23, 0.24, 0.25, 0.26, 0.27, 0.29, 0.3, 0.31, 0.32, 0.33, 0.34, 0.36, 0.36, 0.37, 0.38, 0.4, 0.41, 0.42, 0.43, 0.43, 0.44, 0.45, 0.46, 0.47, 0.48, 0.49, 0.51, 0.52, 0.53, 0.53, 0.54, 0.55, 0.56, 0.57, 0.58, 0.59, 0.6, 0.61, 0.62, 0.63, 0.64, 0.65, 0.66, 0.67, 0.68, 0.69, 0.7, 0.7, 0.72, 0.73, 0.74, 0.75, 0.76, 0.77, 0.78, 0.79, 0.8, 0.81, 0.82, 0.82, 0.83, 0.84, 0.85, 0.86, 0.87, 0.88, 0.89, 0.89, 0.9, 0.91, 0.92, 0.93, 0.94, 0.94, 0.95, 0.95, 0.96, 0.96, 0.97, 0.98, 0.98, 0.99, 0.99, 1.0, 1.0]
viper primed 5 lr 0.00001 std ranking:         [0.02, 0.02, 0.03, 0.03, 0.04, 0.05, 0.05, 0.06, 0.06, 0.06, 0.06, 0.07, 0.07, 0.08, 0.08, 0.09, 0.08, 0.09, 0.09, 0.09, 0.1, 0.1, 0.1, 0.1, 0.1, 0.11, 0.11, 0.11, 0.12, 0.12, 0.12, 0.12, 0.13, 0.13, 0.13, 0.13, 0.13, 0.13, 0.13, 0.13, 0.13, 0.13, 0.13, 0.13, 0.12, 0.12, 0.12, 0.12, 0.12, 0.12, 0.12, 0.12, 0.12, 0.12, 0.11, 0.12, 0.11, 0.12, 0.12, 0.11, 0.11, 0.1, 0.1, 0.1, 0.1, 0.1, 0.1, 0.1, 0.1, 0.09, 0.09, 0.09, 0.08, 0.08, 0.08, 0.07, 0.07, 0.07, 0.06, 0.05, 0.05, 0.05, 0.04, 0.04, 0.04, 0.04, 0.03, 0.03, 0.03, 0.03, 0.02, 0.02, 0.02, 0.02, 0.01, 0.01, 0.01, 0.01, 0.0, 0.0]
viper primed 10 lr 0.00001 mean tp,fp,tn,fn:    [43.85, 3796.45, 6103.55, 56.15]
viper primed 10 lr 0.00001 std tp,fp,tn,fn:     [11.05, 713.98, 713.98, 11.05]
viper primed 10 lr 0.00001 detection rate (TP/(TP+FN)):      0.4385
viper primed 10 lr 0.00001 false alarm (FP/(FP+TN)):        0.38347979798
viper primed 10 lr 0.00001 mean ranking:        [0.02, 0.04, 0.06, 0.07, 0.08, 0.09, 0.11, 0.12, 0.13, 0.15, 0.16, 0.17, 0.18, 0.19, 0.2, 0.21, 0.23, 0.24, 0.24, 0.26, 0.27, 0.28, 0.29, 0.31, 0.32, 0.33, 0.35, 0.36, 0.37, 0.38, 0.39, 0.39, 0.4, 0.42, 0.42, 0.44, 0.45, 0.46, 0.47, 0.48, 0.49, 0.5, 0.51, 0.52, 0.53, 0.54, 0.55, 0.56, 0.57, 0.58, 0.59, 0.6, 0.61, 0.62, 0.63, 0.64, 0.65, 0.65, 0.66, 0.67, 0.68, 0.69, 0.7, 0.71, 0.72, 0.72, 0.74, 0.74, 0.75, 0.76, 0.77, 0.78, 0.78, 0.79, 0.8, 0.81, 0.82, 0.83, 0.84, 0.85, 0.85, 0.86, 0.87, 0.89, 0.89, 0.9, 0.91, 0.92, 0.92, 0.93, 0.94, 0.94, 0.95, 0.96, 0.97, 0.97, 0.98, 0.99, 0.99, 1.0]
viper primed 10 lr 0.00001 std ranking:         [0.02, 0.02, 0.02, 0.02, 0.03, 0.03, 0.03, 0.03, 0.04, 0.04, 0.05, 0.05, 0.05, 0.06, 0.06, 0.07, 0.07, 0.07, 0.08, 0.08, 0.08, 0.08, 0.08, 0.08, 0.09, 0.09, 0.09, 0.09, 0.1, 0.09, 0.1, 0.09, 0.1, 0.1, 0.1, 0.1, 0.1, 0.1, 0.1, 0.1, 0.1, 0.11, 0.1, 0.1, 0.11, 0.11, 0.11, 0.11, 0.11, 0.11, 0.11, 0.11, 0.11, 0.11, 0.11, 0.11, 0.1, 0.11, 0.1, 0.1, 0.1, 0.1, 0.1, 0.09, 0.09, 0.09, 0.08, 0.08, 0.08, 0.08, 0.08, 0.07, 0.07, 0.07, 0.07, 0.06, 0.06, 0.06, 0.06, 0.05, 0.05, 0.05, 0.05, 0.04, 0.04, 0.04, 0.04, 0.03, 0.03, 0.03, 0.03, 0.03, 0.02, 0.02, 0.02, 0.02, 0.01, 0.01, 0.01, 0.0]
viper primed 5 lr 0.000001 mean tp,fp,tn,fn:    [43.85, 3761.1, 6138.9, 56.15]
viper primed 5 lr 0.000001 std tp,fp,tn,fn:     [13.27, 743.3, 743.3, 13.27]
viper primed 5 lr 0.000001 detection rate (TP/(TP+FN)):      0.4385
viper primed 5 lr 0.000001 false alarm (FP/(FP+TN)):        0.379909090909
viper primed 5 lr 0.000001 mean ranking:        [0.02, 0.04, 0.05, 0.07, 0.08, 0.09, 0.11, 0.12, 0.12, 0.13, 0.15, 0.16, 0.17, 0.19, 0.2, 0.22, 0.23, 0.24, 0.25, 0.26, 0.27, 0.28, 0.3, 0.31, 0.32, 0.33, 0.34, 0.35, 0.36, 0.37, 0.38, 0.39, 0.41, 0.42, 0.43, 0.44, 0.45, 0.46, 0.47, 0.48, 0.49, 0.5, 0.51, 0.53, 0.54, 0.54, 0.56, 0.57, 0.57, 0.58, 0.59, 0.6, 0.61, 0.63, 0.64, 0.65, 0.66, 0.66, 0.67, 0.68, 0.69, 0.7, 0.71, 0.73, 0.74, 0.75, 0.76, 0.77, 0.78, 0.79, 0.8, 0.8, 0.81, 0.82, 0.82, 0.83, 0.84, 0.85, 0.85, 0.87, 0.88, 0.88, 0.9, 0.9, 0.91, 0.92, 0.93, 0.94, 0.94, 0.95, 0.95, 0.96, 0.96, 0.97, 0.97, 0.98, 0.99, 0.99, 1.0, 1.0]
viper primed 5 lr 0.000001 std ranking:         [0.01, 0.02, 0.02, 0.02, 0.03, 0.04, 0.04, 0.04, 0.04, 0.04, 0.05, 0.05, 0.05, 0.06, 0.06, 0.07, 0.07, 0.07, 0.08, 0.08, 0.08, 0.09, 0.09, 0.09, 0.09, 0.09, 0.09, 0.09, 0.09, 0.1, 0.1, 0.1, 0.1, 0.1, 0.11, 0.1, 0.11, 0.11, 0.11, 0.11, 0.11, 0.11, 0.11, 0.11, 0.11, 0.11, 0.11, 0.11, 0.11, 0.11, 0.11, 0.11, 0.11, 0.11, 0.11, 0.11, 0.11, 0.11, 0.11, 0.11, 0.11, 0.11, 0.1, 0.1, 0.1, 0.09, 0.09, 0.09, 0.09, 0.09, 0.08, 0.08, 0.08, 0.08, 0.08, 0.08, 0.08, 0.08, 0.07, 0.06, 0.06, 0.05, 0.05, 0.05, 0.05, 0.04, 0.04, 0.04, 0.03, 0.03, 0.03, 0.02, 0.02, 0.02, 0.02, 0.02, 0.01, 0.01, 0.01, 0.0]
viper primed 10 lr 0.000001 mean tp,fp,tn,fn:    [46.8, 3879.45, 6020.55, 53.2]
viper primed 10 lr 0.000001 std tp,fp,tn,fn:     [13.37, 695.05, 695.05, 13.37]
viper primed 10 lr 0.000001 detection rate (TP/(TP+FN)):      0.468
viper primed 10 lr 0.000001 false alarm (FP/(FP+TN)):        0.391863636364
viper primed 10 lr 0.000001 mean ranking:        [0.02, 0.04, 0.06, 0.07, 0.09, 0.1, 0.12, 0.13, 0.14, 0.16, 0.17, 0.18, 0.19, 0.21, 0.22, 0.23, 0.24, 0.25, 0.26, 0.27, 0.29, 0.3, 0.31, 0.32, 0.33, 0.34, 0.36, 0.37, 0.38, 0.39, 0.4, 0.41, 0.42, 0.43, 0.44, 0.45, 0.46, 0.47, 0.48, 0.49, 0.5, 0.51, 0.52, 0.53, 0.54, 0.55, 0.57, 0.58, 0.58, 0.59, 0.61, 0.61, 0.63, 0.64, 0.65, 0.66, 0.67, 0.68, 0.68, 0.69, 0.7, 0.71, 0.72, 0.73, 0.74, 0.74, 0.76, 0.76, 0.77, 0.78, 0.79, 0.8, 0.81, 0.81, 0.82, 0.83, 0.84, 0.85, 0.86, 0.86, 0.87, 0.88, 0.89, 0.89, 0.9, 0.9, 0.91, 0.92, 0.92, 0.93, 0.94, 0.94, 0.96, 0.97, 0.97, 0.98, 0.98, 0.99, 0.99, 1.0]
viper primed 10 lr 0.000001 std ranking:         [0.02, 0.02, 0.03, 0.03, 0.04, 0.04, 0.05, 0.05, 0.05, 0.05, 0.06, 0.06, 0.06, 0.07, 0.07, 0.07, 0.07, 0.08, 0.08, 0.08, 0.08, 0.08, 0.09, 0.09, 0.09, 0.09, 0.1, 0.1, 0.1, 0.1, 0.11, 0.11, 0.11, 0.11, 0.11, 0.12, 0.12, 0.12, 0.12, 0.12, 0.12, 0.12, 0.11, 0.11, 0.11, 0.11, 0.1, 0.1, 0.1, 0.1, 0.11, 0.1, 0.11, 0.11, 0.1, 0.1, 0.1, 0.09, 0.09, 0.09, 0.09, 0.09, 0.09, 0.09, 0.09, 0.08, 0.08, 0.08, 0.08, 0.07, 0.07, 0.07, 0.07, 0.07, 0.07, 0.06, 0.06, 0.06, 0.05, 0.05, 0.05, 0.04, 0.04, 0.04, 0.04, 0.04, 0.04, 0.04, 0.04, 0.04, 0.03, 0.03, 0.03, 0.02, 0.02, 0.02, 0.01, 0.01, 0.01, 0.0]


name_of_experiment:         experiment 21_2: priming on prid450 with augmented data. ratio 1:1
file_name:                  experiments_thesis.py
date:                       24/08/2017   06:20:45
duration:                   29352.894603
prid450 base mean tp,fp,tn,fn:    [63.1, 2156.1, 7743.9, 36.9]
prid450 base std tp,fp,tn,fn:     [10.13, 633.93, 633.93, 10.13]
prid450 base detection rate (TP/(TP+FN)):      0.631
prid450 base false alarm (FP/(FP+TN)):        0.217787878788
prid450 base mean ranking:        [0.09, 0.16, 0.22, 0.25, 0.28, 0.32, 0.35, 0.38, 0.4, 0.42, 0.44, 0.46, 0.48, 0.5, 0.53, 0.54, 0.56, 0.57, 0.59, 0.61, 0.61, 0.63, 0.65, 0.66, 0.68, 0.69, 0.7, 0.71, 0.73, 0.74, 0.76, 0.77, 0.78, 0.78, 0.79, 0.8, 0.81, 0.82, 0.82, 0.83, 0.84, 0.85, 0.86, 0.87, 0.88, 0.88, 0.89, 0.89, 0.9, 0.91, 0.91, 0.92, 0.92, 0.93, 0.93, 0.93, 0.94, 0.94, 0.94, 0.95, 0.95, 0.96, 0.96, 0.97, 0.97, 0.97, 0.97, 0.98, 0.98, 0.98, 0.98, 0.98, 0.98, 0.99, 0.99, 0.99, 0.99, 0.99, 0.99, 0.99, 0.99, 0.99, 1.0, 1.0, 1.0, 1.0, 1.0, 1.0, 1.0, 1.0, 1.0, 1.0, 1.0, 1.0, 1.0, 1.0, 1.0, 1.0, 1.0, 1.0]
prid450 base std ranking:         [0.04, 0.05, 0.06, 0.06, 0.07, 0.07, 0.08, 0.08, 0.08, 0.08, 0.09, 0.08, 0.08, 0.09, 0.09, 0.09, 0.08, 0.08, 0.09, 0.09, 0.09, 0.09, 0.08, 0.08, 0.09, 0.08, 0.08, 0.08, 0.08, 0.08, 0.08, 0.08, 0.08, 0.07, 0.07, 0.07, 0.07, 0.07, 0.07, 0.07, 0.07, 0.07, 0.07, 0.07, 0.07, 0.06, 0.06, 0.06, 0.05, 0.05, 0.05, 0.05, 0.05, 0.04, 0.04, 0.03, 0.03, 0.03, 0.03, 0.03, 0.03, 0.02, 0.02, 0.02, 0.02, 0.02, 0.02, 0.02, 0.02, 0.02, 0.02, 0.02, 0.02, 0.01, 0.01, 0.01, 0.01, 0.01, 0.01, 0.01, 0.01, 0.01, 0.01, 0.01, 0.01, 0.01, 0.01, 0.0, 0.0, 0.0, 0.0, 0.0, 0.0, 0.0, 0.0, 0.0, 0.0, 0.0, 0.0, 0.0]
prid450 primed 5 clr same mean tp,fp,tn,fn:    [49.85, 4633.65, 5266.35, 50.15]
prid450 primed 5 clr same std tp,fp,tn,fn:     [12.67, 303.97, 303.97, 12.67]
prid450 primed 5 clr same detection rate (TP/(TP+FN)):      0.4985
prid450 primed 5 clr same false alarm (FP/(FP+TN)):        0.468045454545
prid450 primed 5 clr same mean ranking:        [0.03, 0.05, 0.08, 0.1, 0.11, 0.13, 0.14, 0.15, 0.16, 0.18, 0.19, 0.2, 0.21, 0.22, 0.23, 0.24, 0.25, 0.26, 0.27, 0.27, 0.29, 0.29, 0.3, 0.31, 0.32, 0.33, 0.33, 0.34, 0.34, 0.35, 0.36, 0.37, 0.37, 0.39, 0.4, 0.4, 0.41, 0.41, 0.42, 0.43, 0.44, 0.45, 0.46, 0.47, 0.48, 0.49, 0.5, 0.51, 0.52, 0.53, 0.54, 0.55, 0.56, 0.58, 0.58, 0.59, 0.61, 0.62, 0.63, 0.64, 0.65, 0.66, 0.67, 0.68, 0.7, 0.71, 0.72, 0.73, 0.74, 0.75, 0.76, 0.77, 0.78, 0.79, 0.8, 0.81, 0.82, 0.83, 0.84, 0.86, 0.86, 0.87, 0.88, 0.89, 0.89, 0.9, 0.91, 0.92, 0.92, 0.93, 0.94, 0.95, 0.96, 0.97, 0.97, 0.98, 0.99, 0.99, 1.0, 1.0]
prid450 primed 5 clr same std ranking:         [0.01, 0.02, 0.03, 0.04, 0.05, 0.05, 0.06, 0.06, 0.06, 0.07, 0.07, 0.07, 0.08, 0.08, 0.09, 0.09, 0.09, 0.09, 0.1, 0.1, 0.1, 0.1, 0.1, 0.1, 0.11, 0.11, 0.11, 0.11, 0.11, 0.11, 0.11, 0.11, 0.11, 0.11, 0.11, 0.11, 0.11, 0.11, 0.11, 0.12, 0.12, 0.12, 0.12, 0.12, 0.12, 0.12, 0.12, 0.12, 0.13, 0.12, 0.12, 0.12, 0.12, 0.12, 0.12, 0.12, 0.12, 0.12, 0.12, 0.11, 0.11, 0.11, 0.11, 0.1, 0.1, 0.1, 0.1, 0.1, 0.09, 0.09, 0.09, 0.09, 0.09, 0.08, 0.08, 0.07, 0.07, 0.07, 0.07, 0.06, 0.06, 0.06, 0.05, 0.05, 0.05, 0.04, 0.04, 0.04, 0.04, 0.03, 0.03, 0.03, 0.03, 0.02, 0.02, 0.01, 0.01, 0.01, 0.01, 0.0]
prid450 primed 10 clr same mean tp,fp,tn,fn:    [49.2, 4679.55, 5220.45, 50.8]
prid450 primed 10 clr same std tp,fp,tn,fn:     [10.41, 314.63, 314.63, 10.41]
prid450 primed 10 clr same detection rate (TP/(TP+FN)):      0.492
prid450 primed 10 clr same false alarm (FP/(FP+TN)):        0.472681818182
prid450 primed 10 clr same mean ranking:        [0.03, 0.06, 0.08, 0.1, 0.11, 0.12, 0.13, 0.15, 0.16, 0.17, 0.18, 0.18, 0.19, 0.2, 0.21, 0.22, 0.23, 0.24, 0.25, 0.26, 0.27, 0.27, 0.28, 0.29, 0.3, 0.31, 0.32, 0.33, 0.34, 0.35, 0.36, 0.36, 0.37, 0.38, 0.39, 0.4, 0.41, 0.42, 0.42, 0.43, 0.44, 0.45, 0.46, 0.47, 0.48, 0.49, 0.5, 0.51, 0.51, 0.52, 0.53, 0.54, 0.55, 0.56, 0.57, 0.58, 0.59, 0.6, 0.61, 0.62, 0.63, 0.65, 0.66, 0.67, 0.68, 0.7, 0.7, 0.72, 0.73, 0.74, 0.75, 0.76, 0.77, 0.78, 0.79, 0.8, 0.81, 0.82, 0.82, 0.83, 0.84, 0.85, 0.86, 0.87, 0.88, 0.89, 0.9, 0.91, 0.92, 0.93, 0.94, 0.95, 0.95, 0.96, 0.97, 0.98, 0.98, 0.99, 1.0, 1.0]
prid450 primed 10 clr same std ranking:         [0.02, 0.03, 0.03, 0.04, 0.04, 0.05, 0.05, 0.05, 0.06, 0.06, 0.06, 0.06, 0.06, 0.07, 0.07, 0.08, 0.08, 0.08, 0.08, 0.08, 0.08, 0.08, 0.08, 0.09, 0.09, 0.09, 0.09, 0.09, 0.1, 0.1, 0.1, 0.11, 0.11, 0.11, 0.11, 0.1, 0.1, 0.1, 0.1, 0.11, 0.11, 0.1, 0.11, 0.1, 0.1, 0.1, 0.1, 0.1, 0.1, 0.1, 0.1, 0.1, 0.1, 0.1, 0.1, 0.09, 0.09, 0.09, 0.09, 0.09, 0.08, 0.09, 0.09, 0.09, 0.09, 0.08, 0.08, 0.08, 0.08, 0.08, 0.07, 0.07, 0.07, 0.07, 0.07, 0.06, 0.06, 0.06, 0.06, 0.06, 0.06, 0.05, 0.05, 0.05, 0.04, 0.04, 0.04, 0.04, 0.04, 0.04, 0.03, 0.03, 0.03, 0.03, 0.02, 0.02, 0.01, 0.01, 0.01, 0.0]
prid450 primed 5 clr diff mean tp,fp,tn,fn:    [34.1, 3445.6, 6454.4, 65.9]
prid450 primed 5 clr diff std tp,fp,tn,fn:     [16.57, 913.73, 913.73, 16.57]
prid450 primed 5 clr diff detection rate (TP/(TP+FN)):      0.341
prid450 primed 5 clr diff false alarm (FP/(FP+TN)):        0.34804040404
prid450 primed 5 clr diff mean ranking:        [0.02, 0.04, 0.06, 0.07, 0.09, 0.1, 0.11, 0.13, 0.13, 0.14, 0.15, 0.16, 0.16, 0.17, 0.18, 0.19, 0.2, 0.2, 0.21, 0.22, 0.23, 0.24, 0.25, 0.25, 0.26, 0.27, 0.28, 0.29, 0.29, 0.3, 0.31, 0.32, 0.33, 0.34, 0.35, 0.36, 0.37, 0.38, 0.39, 0.4, 0.41, 0.42, 0.43, 0.44, 0.45, 0.46, 0.47, 0.49, 0.5, 0.51, 0.52, 0.53, 0.55, 0.56, 0.57, 0.59, 0.6, 0.61, 0.63, 0.64, 0.65, 0.66, 0.67, 0.69, 0.7, 0.71, 0.73, 0.74, 0.75, 0.76, 0.77, 0.79, 0.8, 0.81, 0.82, 0.83, 0.84, 0.85, 0.86, 0.87, 0.88, 0.89, 0.9, 0.91, 0.91, 0.92, 0.93, 0.93, 0.95, 0.95, 0.96, 0.97, 0.97, 0.98, 0.98, 0.99, 0.99, 0.99, 1.0, 1.0]
prid450 primed 5 clr diff std ranking:         [0.02, 0.03, 0.04, 0.05, 0.06, 0.07, 0.08, 0.09, 0.09, 0.09, 0.1, 0.1, 0.1, 0.1, 0.1, 0.11, 0.11, 0.12, 0.12, 0.13, 0.14, 0.14, 0.14, 0.14, 0.15, 0.15, 0.15, 0.15, 0.15, 0.15, 0.15, 0.15, 0.15, 0.15, 0.15, 0.15, 0.16, 0.16, 0.16, 0.16, 0.16, 0.16, 0.16, 0.15, 0.15, 0.15, 0.15, 0.15, 0.15, 0.14, 0.14, 0.14, 0.14, 0.14, 0.13, 0.13, 0.13, 0.12, 0.12, 0.12, 0.11, 0.1, 0.1, 0.1, 0.09, 0.09, 0.09, 0.09, 0.08, 0.08, 0.08, 0.07, 0.07, 0.07, 0.06, 0.06, 0.06, 0.06, 0.06, 0.05, 0.05, 0.05, 0.05, 0.04, 0.05, 0.05, 0.04, 0.04, 0.03, 0.03, 0.03, 0.02, 0.02, 0.01, 0.01, 0.01, 0.01, 0.01, 0.0, 0.0]
prid450 primed 10 clr diff mean tp,fp,tn,fn:    [33.1, 3407.7, 6492.3, 66.9]
prid450 primed 10 clr diff std tp,fp,tn,fn:     [13.31, 731.05, 731.05, 13.31]
prid450 primed 10 clr diff detection rate (TP/(TP+FN)):      0.331
prid450 primed 10 clr diff false alarm (FP/(FP+TN)):        0.344212121212
prid450 primed 10 clr diff mean ranking:        [0.02, 0.04, 0.06, 0.07, 0.08, 0.09, 0.11, 0.11, 0.12, 0.13, 0.14, 0.15, 0.16, 0.17, 0.18, 0.18, 0.19, 0.2, 0.21, 0.22, 0.23, 0.24, 0.25, 0.26, 0.27, 0.28, 0.29, 0.3, 0.31, 0.31, 0.33, 0.33, 0.34, 0.35, 0.36, 0.37, 0.38, 0.39, 0.4, 0.41, 0.42, 0.43, 0.44, 0.45, 0.47, 0.48, 0.48, 0.49, 0.5, 0.51, 0.52, 0.54, 0.55, 0.56, 0.57, 0.58, 0.59, 0.61, 0.62, 0.63, 0.64, 0.65, 0.66, 0.67, 0.68, 0.69, 0.71, 0.72, 0.73, 0.74, 0.75, 0.77, 0.78, 0.79, 0.8, 0.81, 0.82, 0.83, 0.84, 0.86, 0.86, 0.87, 0.88, 0.89, 0.9, 0.92, 0.92, 0.93, 0.94, 0.95, 0.95, 0.96, 0.97, 0.97, 0.98, 0.98, 0.99, 0.99, 1.0, 1.0]
prid450 primed 10 clr diff std ranking:         [0.01, 0.02, 0.03, 0.03, 0.04, 0.04, 0.05, 0.05, 0.05, 0.05, 0.05, 0.06, 0.06, 0.06, 0.07, 0.07, 0.08, 0.08, 0.08, 0.09, 0.09, 0.1, 0.1, 0.1, 0.11, 0.11, 0.11, 0.11, 0.12, 0.12, 0.12, 0.13, 0.13, 0.13, 0.13, 0.14, 0.14, 0.14, 0.15, 0.15, 0.15, 0.15, 0.15, 0.15, 0.15, 0.15, 0.15, 0.15, 0.15, 0.14, 0.14, 0.14, 0.13, 0.13, 0.13, 0.13, 0.12, 0.12, 0.12, 0.12, 0.11, 0.11, 0.11, 0.1, 0.1, 0.1, 0.09, 0.09, 0.08, 0.08, 0.08, 0.08, 0.08, 0.08, 0.08, 0.08, 0.07, 0.07, 0.06, 0.06, 0.06, 0.06, 0.06, 0.06, 0.05, 0.05, 0.04, 0.04, 0.03, 0.03, 0.03, 0.02, 0.02, 0.02, 0.02, 0.01, 0.01, 0.01, 0.0, 0.0]
prid450 primed 5 lr 0.00001 mean tp,fp,tn,fn:    [35.6, 4156.65, 5743.35, 64.4]
prid450 primed 5 lr 0.00001 std tp,fp,tn,fn:     [13.45, 537.01, 537.01, 13.45]
prid450 primed 5 lr 0.00001 detection rate (TP/(TP+FN)):      0.356
prid450 primed 5 lr 0.00001 false alarm (FP/(FP+TN)):        0.419863636364
prid450 primed 5 lr 0.00001 mean ranking:        [0.02, 0.03, 0.05, 0.06, 0.06, 0.07, 0.08, 0.08, 0.09, 0.1, 0.11, 0.12, 0.13, 0.13, 0.14, 0.15, 0.16, 0.17, 0.17, 0.18, 0.18, 0.19, 0.2, 0.21, 0.21, 0.22, 0.23, 0.24, 0.24, 0.25, 0.26, 0.27, 0.27, 0.28, 0.3, 0.31, 0.32, 0.32, 0.33, 0.34, 0.34, 0.35, 0.36, 0.37, 0.38, 0.39, 0.4, 0.41, 0.42, 0.43, 0.44, 0.46, 0.47, 0.47, 0.48, 0.5, 0.51, 0.52, 0.54, 0.55, 0.56, 0.58, 0.6, 0.61, 0.62, 0.64, 0.65, 0.67, 0.68, 0.69, 0.7, 0.71, 0.72, 0.74, 0.75, 0.76, 0.77, 0.78, 0.8, 0.81, 0.82, 0.84, 0.85, 0.86, 0.87, 0.88, 0.89, 0.9, 0.91, 0.92, 0.93, 0.94, 0.95, 0.96, 0.97, 0.98, 0.98, 0.99, 0.99, 1.0]
prid450 primed 5 lr 0.00001 std ranking:         [0.02, 0.04, 0.04, 0.04, 0.05, 0.05, 0.06, 0.06, 0.07, 0.07, 0.07, 0.08, 0.08, 0.08, 0.09, 0.09, 0.09, 0.09, 0.09, 0.1, 0.1, 0.11, 0.11, 0.11, 0.11, 0.11, 0.11, 0.12, 0.12, 0.13, 0.13, 0.12, 0.13, 0.13, 0.14, 0.14, 0.14, 0.14, 0.14, 0.14, 0.14, 0.14, 0.14, 0.14, 0.14, 0.15, 0.15, 0.14, 0.14, 0.14, 0.14, 0.14, 0.14, 0.14, 0.14, 0.14, 0.13, 0.13, 0.13, 0.13, 0.13, 0.12, 0.12, 0.12, 0.12, 0.12, 0.12, 0.12, 0.12, 0.12, 0.12, 0.11, 0.11, 0.11, 0.1, 0.1, 0.1, 0.09, 0.08, 0.08, 0.07, 0.07, 0.07, 0.06, 0.06, 0.06, 0.05, 0.05, 0.04, 0.04, 0.03, 0.03, 0.03, 0.03, 0.02, 0.02, 0.02, 0.01, 0.01, 0.0]
prid450 primed 10 lr 0.00001 mean tp,fp,tn,fn:    [31.3, 4190.95, 5709.05, 68.7]
prid450 primed 10 lr 0.00001 std tp,fp,tn,fn:     [14.04, 450.41, 450.41, 14.04]
prid450 primed 10 lr 0.00001 detection rate (TP/(TP+FN)):      0.313
prid450 primed 10 lr 0.00001 false alarm (FP/(FP+TN)):        0.423328282828
prid450 primed 10 lr 0.00001 mean ranking:        [0.02, 0.03, 0.04, 0.05, 0.06, 0.06, 0.07, 0.08, 0.09, 0.09, 0.1, 0.11, 0.11, 0.12, 0.12, 0.13, 0.13, 0.14, 0.15, 0.15, 0.16, 0.17, 0.17, 0.18, 0.19, 0.2, 0.2, 0.21, 0.22, 0.22, 0.23, 0.24, 0.24, 0.25, 0.25, 0.26, 0.27, 0.28, 0.28, 0.29, 0.3, 0.3, 0.31, 0.32, 0.33, 0.34, 0.35, 0.36, 0.37, 0.38, 0.4, 0.41, 0.42, 0.44, 0.45, 0.46, 0.47, 0.49, 0.5, 0.51, 0.53, 0.54, 0.56, 0.57, 0.59, 0.6, 0.61, 0.63, 0.64, 0.65, 0.66, 0.68, 0.69, 0.7, 0.72, 0.74, 0.75, 0.77, 0.78, 0.79, 0.8, 0.81, 0.82, 0.84, 0.85, 0.86, 0.88, 0.89, 0.9, 0.91, 0.92, 0.93, 0.95, 0.95, 0.96, 0.97, 0.98, 0.99, 0.99, 1.0]
prid450 primed 10 lr 0.00001 std ranking:         [0.02, 0.03, 0.03, 0.04, 0.04, 0.04, 0.04, 0.05, 0.05, 0.05, 0.06, 0.07, 0.07, 0.07, 0.08, 0.08, 0.08, 0.08, 0.09, 0.09, 0.09, 0.1, 0.1, 0.1, 0.1, 0.11, 0.11, 0.12, 0.12, 0.12, 0.12, 0.12, 0.12, 0.12, 0.12, 0.13, 0.13, 0.13, 0.13, 0.13, 0.13, 0.13, 0.13, 0.13, 0.13, 0.13, 0.13, 0.14, 0.14, 0.14, 0.14, 0.13, 0.13, 0.13, 0.13, 0.13, 0.13, 0.13, 0.12, 0.12, 0.12, 0.11, 0.11, 0.11, 0.11, 0.11, 0.11, 0.11, 0.11, 0.1, 0.1, 0.1, 0.1, 0.1, 0.09, 0.08, 0.08, 0.07, 0.06, 0.06, 0.05, 0.06, 0.05, 0.05, 0.05, 0.04, 0.04, 0.04, 0.04, 0.03, 0.03, 0.03, 0.03, 0.02, 0.02, 0.02, 0.02, 0.01, 0.01, 0.0]
prid450 primed 5 lr 0.000001 mean tp,fp,tn,fn:    [36.1, 4167.0, 5733.0, 63.9]
prid450 primed 5 lr 0.000001 std tp,fp,tn,fn:     [12.41, 548.52, 548.52, 12.41]
prid450 primed 5 lr 0.000001 detection rate (TP/(TP+FN)):      0.361
prid450 primed 5 lr 0.000001 false alarm (FP/(FP+TN)):        0.420909090909
prid450 primed 5 lr 0.000001 mean ranking:        [0.02, 0.03, 0.04, 0.05, 0.06, 0.07, 0.09, 0.1, 0.11, 0.11, 0.12, 0.13, 0.14, 0.14, 0.15, 0.15, 0.16, 0.17, 0.18, 0.2, 0.2, 0.21, 0.22, 0.23, 0.24, 0.24, 0.25, 0.26, 0.27, 0.28, 0.29, 0.29, 0.3, 0.31, 0.31, 0.32, 0.33, 0.33, 0.34, 0.35, 0.36, 0.37, 0.38, 0.39, 0.4, 0.41, 0.42, 0.43, 0.44, 0.45, 0.46, 0.48, 0.49, 0.5, 0.51, 0.53, 0.54, 0.55, 0.56, 0.57, 0.59, 0.6, 0.62, 0.63, 0.65, 0.66, 0.67, 0.68, 0.69, 0.7, 0.72, 0.73, 0.74, 0.75, 0.76, 0.78, 0.79, 0.8, 0.81, 0.82, 0.83, 0.84, 0.85, 0.87, 0.88, 0.89, 0.9, 0.91, 0.91, 0.92, 0.94, 0.95, 0.95, 0.96, 0.97, 0.98, 0.99, 0.99, 1.0, 1.0]
prid450 primed 5 lr 0.000001 std ranking:         [0.01, 0.02, 0.03, 0.03, 0.04, 0.04, 0.05, 0.06, 0.06, 0.06, 0.06, 0.07, 0.07, 0.07, 0.07, 0.07, 0.08, 0.08, 0.09, 0.09, 0.09, 0.09, 0.09, 0.1, 0.1, 0.1, 0.1, 0.1, 0.11, 0.11, 0.11, 0.11, 0.12, 0.12, 0.12, 0.12, 0.12, 0.12, 0.13, 0.13, 0.13, 0.13, 0.13, 0.13, 0.14, 0.14, 0.14, 0.14, 0.14, 0.14, 0.14, 0.14, 0.14, 0.14, 0.13, 0.14, 0.13, 0.13, 0.13, 0.12, 0.12, 0.12, 0.11, 0.11, 0.11, 0.1, 0.1, 0.1, 0.1, 0.09, 0.09, 0.09, 0.09, 0.08, 0.08, 0.08, 0.07, 0.07, 0.06, 0.06, 0.06, 0.06, 0.06, 0.05, 0.05, 0.05, 0.04, 0.04, 0.04, 0.04, 0.03, 0.03, 0.03, 0.03, 0.03, 0.02, 0.01, 0.01, 0.0, 0.0]
prid450 primed 10 lr 0.000001 mean tp,fp,tn,fn:    [33.45, 4196.35, 5703.65, 66.55]
prid450 primed 10 lr 0.000001 std tp,fp,tn,fn:     [11.8, 667.05, 667.05, 11.8]
prid450 primed 10 lr 0.000001 detection rate (TP/(TP+FN)):      0.3345
prid450 primed 10 lr 0.000001 false alarm (FP/(FP+TN)):        0.423873737374
prid450 primed 10 lr 0.000001 mean ranking:        [0.02, 0.03, 0.04, 0.05, 0.06, 0.06, 0.08, 0.09, 0.1, 0.11, 0.12, 0.13, 0.13, 0.14, 0.15, 0.16, 0.16, 0.17, 0.18, 0.18, 0.19, 0.19, 0.2, 0.21, 0.21, 0.22, 0.22, 0.23, 0.24, 0.24, 0.25, 0.26, 0.27, 0.27, 0.28, 0.28, 0.29, 0.3, 0.31, 0.32, 0.32, 0.33, 0.34, 0.35, 0.36, 0.37, 0.38, 0.39, 0.4, 0.41, 0.42, 0.44, 0.45, 0.46, 0.48, 0.49, 0.51, 0.52, 0.53, 0.54, 0.55, 0.56, 0.58, 0.59, 0.6, 0.62, 0.63, 0.64, 0.65, 0.67, 0.68, 0.7, 0.71, 0.72, 0.74, 0.75, 0.76, 0.77, 0.78, 0.8, 0.81, 0.83, 0.84, 0.85, 0.86, 0.87, 0.88, 0.9, 0.91, 0.92, 0.93, 0.94, 0.95, 0.96, 0.97, 0.98, 0.99, 0.99, 1.0, 1.0]
prid450 primed 10 lr 0.000001 std ranking:         [0.02, 0.02, 0.02, 0.03, 0.03, 0.03, 0.04, 0.04, 0.05, 0.06, 0.07, 0.07, 0.07, 0.07, 0.08, 0.08, 0.09, 0.09, 0.09, 0.1, 0.1, 0.1, 0.1, 0.1, 0.1, 0.11, 0.1, 0.11, 0.11, 0.11, 0.11, 0.11, 0.12, 0.12, 0.12, 0.12, 0.12, 0.12, 0.12, 0.12, 0.13, 0.13, 0.13, 0.13, 0.13, 0.13, 0.13, 0.13, 0.13, 0.13, 0.12, 0.12, 0.12, 0.12, 0.12, 0.12, 0.11, 0.11, 0.11, 0.11, 0.1, 0.1, 0.1, 0.1, 0.1, 0.1, 0.1, 0.09, 0.09, 0.08, 0.08, 0.08, 0.08, 0.07, 0.07, 0.07, 0.07, 0.06, 0.06, 0.06, 0.06, 0.06, 0.05, 0.05, 0.05, 0.04, 0.04, 0.04, 0.03, 0.03, 0.03, 0.03, 0.03, 0.02, 0.02, 0.02, 0.01, 0.01, 0.01, 0.0]