name_of_experiment:         experiment 23_0_0: market, cost_module_type=euclidean, lr=0.00001
file_name:                  siamese_cnn_image.pyc
date:                       29/08/2017   13:12:37
duration:                   10981.648798
market mean tp,fp,tn,fn:    [78.4, 336.8, 9563.2, 21.6]
market std tp,fp,tn,fn:     [3.95, 41.41, 41.41, 3.95]
market detection rate (TP/(TP+FN)):      0.784
market false alarm (FP/(FP+TN)):        0.0340202020202
market mean ranking:        [0.47, 0.63, 0.71, 0.78, 0.81, 0.85, 0.87, 0.89, 0.91, 0.92, 0.92, 0.93, 0.94, 0.95, 0.96, 0.96, 0.96, 0.97, 0.97, 0.97, 0.97, 0.98, 0.98, 0.98, 0.98, 0.98, 0.98, 0.98, 0.98, 0.98, 0.99, 0.99, 0.99, 0.99, 0.99, 0.99, 0.99, 0.99, 0.99, 0.99, 0.99, 0.99, 0.99, 0.99, 0.99, 0.99, 0.99, 0.99, 0.99, 0.99, 0.99, 0.99, 0.99, 0.99, 0.99, 0.99, 0.99, 1.0, 1.0, 1.0, 1.0, 1.0, 1.0, 1.0, 1.0, 1.0, 1.0, 1.0, 1.0, 1.0, 1.0, 1.0, 1.0, 1.0, 1.0, 1.0, 1.0, 1.0, 1.0, 1.0, 1.0, 1.0, 1.0, 1.0, 1.0, 1.0, 1.0, 1.0, 1.0, 1.0, 1.0, 1.0, 1.0, 1.0, 1.0, 1.0, 1.0, 1.0, 1.0, 1.0]
market std ranking:         [0.02, 0.02, 0.03, 0.03, 0.03, 0.02, 0.03, 0.02, 0.02, 0.02, 0.02, 0.02, 0.02, 0.02, 0.01, 0.01, 0.02, 0.02, 0.01, 0.01, 0.01, 0.01, 0.01, 0.01, 0.01, 0.01, 0.01, 0.01, 0.01, 0.01, 0.01, 0.01, 0.01, 0.0, 0.01, 0.01, 0.01, 0.01, 0.01, 0.01, 0.0, 0.0, 0.0, 0.0, 0.0, 0.0, 0.0, 0.0, 0.0, 0.0, 0.0, 0.0, 0.0, 0.01, 0.01, 0.01, 0.01, 0.0, 0.0, 0.0, 0.0, 0.0, 0.0, 0.0, 0.0, 0.0, 0.0, 0.0, 0.0, 0.0, 0.0, 0.0, 0.0, 0.0, 0.0, 0.0, 0.0, 0.0, 0.0, 0.0, 0.0, 0.0, 0.0, 0.0, 0.0, 0.0, 0.0, 0.0, 0.0, 0.0, 0.0, 0.0, 0.0, 0.0, 0.0, 0.0, 0.0, 0.0, 0.0, 0.0]
market G mean tp,fp,tn,fn:    [78.4, 30.0, 870.0, 21.6]
market G std tp,fp,tn,fn:     [3.95, 8.34, 8.34, 3.95]


name_of_experiment:         experiment 23_0_1: cuhk02, cost_module_type=euclidean, lr=0.00001
file_name:                  siamese_cnn_image.pyc
date:                       29/08/2017   16:00:59
duration:                   10098.191176
cuhk02 mean tp,fp,tn,fn:    [76.8, 256.6, 9643.4, 23.2]
cuhk02 std tp,fp,tn,fn:     [2.89, 37.2, 37.2, 2.89]
cuhk02 detection rate (TP/(TP+FN)):      0.768
cuhk02 false alarm (FP/(FP+TN)):        0.0259191919192
cuhk02 mean ranking:        [0.53, 0.69, 0.77, 0.83, 0.86, 0.88, 0.89, 0.9, 0.91, 0.92, 0.93, 0.94, 0.95, 0.95, 0.96, 0.96, 0.96, 0.97, 0.97, 0.97, 0.97, 0.97, 0.98, 0.98, 0.98, 0.98, 0.98, 0.98, 0.98, 0.98, 0.99, 0.99, 0.99, 0.99, 0.99, 0.99, 0.99, 0.99, 0.99, 0.99, 0.99, 0.99, 0.99, 0.99, 0.99, 0.99, 0.99, 0.99, 1.0, 1.0, 1.0, 1.0, 1.0, 1.0, 1.0, 1.0, 1.0, 1.0, 1.0, 1.0, 1.0, 1.0, 1.0, 1.0, 1.0, 1.0, 1.0, 1.0, 1.0, 1.0, 1.0, 1.0, 1.0, 1.0, 1.0, 1.0, 1.0, 1.0, 1.0, 1.0, 1.0, 1.0, 1.0, 1.0, 1.0, 1.0, 1.0, 1.0, 1.0, 1.0, 1.0, 1.0, 1.0, 1.0, 1.0, 1.0, 1.0, 1.0, 1.0, 1.0]
cuhk02 std ranking:         [0.04, 0.03, 0.03, 0.02, 0.02, 0.02, 0.02, 0.02, 0.03, 0.02, 0.02, 0.02, 0.02, 0.02, 0.02, 0.02, 0.02, 0.02, 0.02, 0.02, 0.02, 0.02, 0.02, 0.02, 0.02, 0.02, 0.01, 0.01, 0.01, 0.01, 0.01, 0.01, 0.01, 0.01, 0.0, 0.0, 0.0, 0.0, 0.0, 0.0, 0.0, 0.0, 0.0, 0.0, 0.0, 0.0, 0.0, 0.01, 0.0, 0.0, 0.0, 0.0, 0.0, 0.0, 0.0, 0.0, 0.0, 0.0, 0.0, 0.0, 0.0, 0.0, 0.0, 0.0, 0.0, 0.0, 0.0, 0.0, 0.0, 0.0, 0.0, 0.0, 0.0, 0.0, 0.0, 0.0, 0.0, 0.0, 0.0, 0.0, 0.0, 0.0, 0.0, 0.0, 0.0, 0.0, 0.0, 0.0, 0.0, 0.0, 0.0, 0.0, 0.0, 0.0, 0.0, 0.0, 0.0, 0.0, 0.0, 0.0]
cuhk02 G mean tp,fp,tn,fn:    [76.8, 15.2, 884.8, 23.2]
cuhk02 G std tp,fp,tn,fn:     [2.89, 4.85, 4.85, 2.89]