name_of_experiment:         experiment 23_1_0: market, cost_module_type=cosine, lr=0.00001
file_name:                  siamese_cnn_image.pyc
date:                       27/08/2017   19:59:18
duration:                   10849.992910
market mean tp,fp,tn,fn:    [99.0, 4671.0, 5229.0, 1.0]
market std tp,fp,tn,fn:     [0.77, 113.66, 113.66, 0.77]
market detection rate (TP/(TP+FN)):      0.99
market false alarm (FP/(FP+TN)):        0.471818181818
market mean ranking:        [0.46, 0.6, 0.69, 0.74, 0.78, 0.82, 0.82, 0.85, 0.87, 0.87, 0.89, 0.89, 0.9, 0.91, 0.92, 0.92, 0.93, 0.93, 0.93, 0.94, 0.94, 0.95, 0.95, 0.95, 0.95, 0.96, 0.96, 0.97, 0.97, 0.97, 0.97, 0.97, 0.97, 0.97, 0.98, 0.98, 0.98, 0.98, 0.98, 0.99, 0.99, 0.99, 0.99, 0.99, 0.99, 0.99, 0.99, 0.99, 0.99, 0.99, 0.99, 0.99, 0.99, 0.99, 0.99, 0.99, 0.99, 0.99, 0.99, 0.99, 0.99, 0.99, 0.99, 0.99, 0.99, 0.99, 0.99, 1.0, 1.0, 1.0, 1.0, 1.0, 1.0, 1.0, 1.0, 1.0, 1.0, 1.0, 1.0, 1.0, 1.0, 1.0, 1.0, 1.0, 1.0, 1.0, 1.0, 1.0, 1.0, 1.0, 1.0, 1.0, 1.0, 1.0, 1.0, 1.0, 1.0, 1.0, 1.0, 1.0]
market std ranking:         [0.05, 0.05, 0.05, 0.05, 0.04, 0.04, 0.04, 0.04, 0.04, 0.04, 0.04, 0.04, 0.04, 0.04, 0.04, 0.04, 0.03, 0.03, 0.03, 0.03, 0.03, 0.02, 0.02, 0.02, 0.02, 0.02, 0.02, 0.02, 0.02, 0.02, 0.02, 0.02, 0.02, 0.02, 0.01, 0.01, 0.01, 0.01, 0.01, 0.01, 0.01, 0.01, 0.01, 0.01, 0.01, 0.01, 0.01, 0.01, 0.01, 0.01, 0.01, 0.01, 0.01, 0.01, 0.01, 0.01, 0.01, 0.01, 0.01, 0.01, 0.01, 0.01, 0.01, 0.01, 0.01, 0.01, 0.01, 0.01, 0.01, 0.0, 0.0, 0.0, 0.0, 0.0, 0.0, 0.0, 0.0, 0.0, 0.0, 0.0, 0.0, 0.0, 0.0, 0.0, 0.0, 0.0, 0.0, 0.0, 0.0, 0.0, 0.0, 0.0, 0.0, 0.0, 0.0, 0.0, 0.0, 0.0, 0.0, 0.0]
market G mean tp,fp,tn,fn:    [99.0, 431.5, 468.5, 1.0]
market G std tp,fp,tn,fn:     [0.77, 18.95, 18.95, 0.77]


name_of_experiment:         experiment 23_1_1: cuhk02, cost_module_type=cosine, lr=0.00001
file_name:                  siamese_cnn_image.pyc
date:                       27/08/2017   22:52:49
duration:                   10407.541283
cuhk02 mean tp,fp,tn,fn:    [97.3, 4932.2, 4967.8, 2.7]
cuhk02 std tp,fp,tn,fn:     [1.49, 143.42, 143.42, 1.49]
cuhk02 detection rate (TP/(TP+FN)):      0.973
cuhk02 false alarm (FP/(FP+TN)):        0.498202020202
cuhk02 mean ranking:        [0.46, 0.58, 0.65, 0.68, 0.72, 0.74, 0.77, 0.78, 0.8, 0.81, 0.82, 0.83, 0.85, 0.86, 0.87, 0.88, 0.89, 0.89, 0.9, 0.91, 0.91, 0.92, 0.92, 0.92, 0.93, 0.93, 0.93, 0.94, 0.94, 0.94, 0.95, 0.95, 0.95, 0.95, 0.95, 0.95, 0.96, 0.96, 0.96, 0.96, 0.96, 0.96, 0.96, 0.97, 0.97, 0.97, 0.97, 0.97, 0.97, 0.97, 0.97, 0.97, 0.97, 0.98, 0.98, 0.98, 0.98, 0.98, 0.98, 0.98, 0.99, 0.99, 0.99, 0.99, 0.99, 0.99, 0.99, 0.99, 0.99, 0.99, 0.99, 0.99, 0.99, 0.99, 0.99, 0.99, 0.99, 0.99, 0.99, 1.0, 1.0, 1.0, 1.0, 1.0, 1.0, 1.0, 1.0, 1.0, 1.0, 1.0, 1.0, 1.0, 1.0, 1.0, 1.0, 1.0, 1.0, 1.0, 1.0, 1.0]
cuhk02 std ranking:         [0.06, 0.06, 0.05, 0.05, 0.04, 0.04, 0.04, 0.04, 0.03, 0.03, 0.03, 0.03, 0.04, 0.04, 0.04, 0.03, 0.03, 0.03, 0.03, 0.03, 0.03, 0.02, 0.02, 0.02, 0.02, 0.02, 0.02, 0.02, 0.02, 0.02, 0.02, 0.02, 0.02, 0.02, 0.02, 0.02, 0.02, 0.02, 0.02, 0.01, 0.02, 0.02, 0.02, 0.02, 0.02, 0.02, 0.02, 0.02, 0.02, 0.02, 0.02, 0.02, 0.02, 0.01, 0.01, 0.01, 0.01, 0.01, 0.01, 0.01, 0.01, 0.01, 0.01, 0.01, 0.01, 0.01, 0.01, 0.01, 0.01, 0.01, 0.01, 0.01, 0.01, 0.01, 0.01, 0.01, 0.01, 0.01, 0.01, 0.01, 0.01, 0.01, 0.01, 0.01, 0.01, 0.01, 0.0, 0.0, 0.0, 0.0, 0.0, 0.0, 0.0, 0.0, 0.0, 0.0, 0.0, 0.0, 0.0, 0.0]
cuhk02 G mean tp,fp,tn,fn:    [97.3, 438.7, 461.3, 2.7]
cuhk02 G std tp,fp,tn,fn:     [1.49, 46.44, 46.44, 1.49]