name_of_experiment:         experiment 23_2_0: market, neural_distance=concatenate
file_name:                  siamese_cnn_image.pyc
date:                       25/08/2017   01:55:39
duration:                   19520.180335
market mean tp,fp,tn,fn:    [80.2, 473.7, 9426.3, 19.8]
market std tp,fp,tn,fn:     [5.83, 62.65, 62.65, 5.83]
market detection rate (TP/(TP+FN)):      0.802
market false alarm (FP/(FP+TN)):        0.0478484848485
market mean ranking:        [0.39, 0.57, 0.67, 0.74, 0.78, 0.81, 0.84, 0.86, 0.89, 0.9, 0.91, 0.92, 0.93, 0.93, 0.94, 0.94, 0.95, 0.95, 0.95, 0.96, 0.96, 0.96, 0.97, 0.97, 0.97, 0.98, 0.98, 0.98, 0.98, 0.98, 0.98, 0.99, 0.99, 0.99, 0.99, 0.99, 0.99, 0.99, 0.99, 0.99, 0.99, 0.99, 0.99, 0.99, 0.99, 1.0, 1.0, 1.0, 1.0, 1.0, 1.0, 1.0, 1.0, 1.0, 1.0, 1.0, 1.0, 1.0, 1.0, 1.0, 1.0, 1.0, 1.0, 1.0, 1.0, 1.0, 1.0, 1.0, 1.0, 1.0, 1.0, 1.0, 1.0, 1.0, 1.0, 1.0, 1.0, 1.0, 1.0, 1.0, 1.0, 1.0, 1.0, 1.0, 1.0, 1.0, 1.0, 1.0, 1.0, 1.0, 1.0, 1.0, 1.0, 1.0, 1.0, 1.0, 1.0, 1.0, 1.0, 1.0]
market std ranking:         [0.05, 0.06, 0.07, 0.06, 0.06, 0.05, 0.04, 0.04, 0.04, 0.03, 0.03, 0.03, 0.03, 0.03, 0.03, 0.03, 0.03, 0.03, 0.03, 0.03, 0.03, 0.03, 0.02, 0.02, 0.02, 0.02, 0.01, 0.01, 0.01, 0.01, 0.01, 0.01, 0.01, 0.01, 0.01, 0.01, 0.01, 0.01, 0.01, 0.01, 0.01, 0.01, 0.01, 0.01, 0.01, 0.01, 0.01, 0.01, 0.01, 0.01, 0.01, 0.01, 0.01, 0.01, 0.01, 0.01, 0.01, 0.0, 0.0, 0.0, 0.0, 0.0, 0.0, 0.0, 0.0, 0.0, 0.0, 0.0, 0.0, 0.0, 0.0, 0.0, 0.0, 0.0, 0.0, 0.0, 0.0, 0.0, 0.0, 0.0, 0.0, 0.0, 0.0, 0.0, 0.0, 0.0, 0.0, 0.0, 0.0, 0.0, 0.0, 0.0, 0.0, 0.0, 0.0, 0.0, 0.0, 0.0, 0.0, 0.0]
market G mean tp,fp,tn,fn:    [80.2, 45.1, 854.9, 19.8]
market G std tp,fp,tn,fn:     [5.83, 8.31, 8.31, 5.83]


name_of_experiment:         experiment 23_2_1: cuhk02, neural_distance=concatenate
file_name:                  siamese_cnn_image.pyc
date:                       25/08/2017   07:25:39
duration:                   19794.534317
cuhk02 mean tp,fp,tn,fn:    [76.1, 652.5, 9247.5, 23.9]
cuhk02 std tp,fp,tn,fn:     [3.91, 66.6, 66.6, 3.91]
cuhk02 detection rate (TP/(TP+FN)):      0.761
cuhk02 false alarm (FP/(FP+TN)):        0.0659090909091
cuhk02 mean ranking:        [0.35, 0.52, 0.6, 0.66, 0.71, 0.74, 0.76, 0.79, 0.81, 0.83, 0.85, 0.86, 0.87, 0.88, 0.89, 0.9, 0.91, 0.91, 0.92, 0.93, 0.93, 0.94, 0.94, 0.94, 0.94, 0.95, 0.95, 0.95, 0.95, 0.96, 0.96, 0.96, 0.96, 0.96, 0.97, 0.97, 0.97, 0.97, 0.97, 0.97, 0.97, 0.97, 0.97, 0.98, 0.98, 0.98, 0.98, 0.98, 0.98, 0.98, 0.98, 0.98, 0.98, 0.98, 0.98, 0.98, 0.99, 0.99, 0.99, 0.99, 0.99, 0.99, 0.99, 0.99, 0.99, 0.99, 0.99, 0.99, 0.99, 0.99, 1.0, 1.0, 1.0, 1.0, 1.0, 1.0, 1.0, 1.0, 1.0, 1.0, 1.0, 1.0, 1.0, 1.0, 1.0, 1.0, 1.0, 1.0, 1.0, 1.0, 1.0, 1.0, 1.0, 1.0, 1.0, 1.0, 1.0, 1.0, 1.0, 1.0]
cuhk02 std ranking:         [0.05, 0.03, 0.04, 0.04, 0.03, 0.03, 0.03, 0.04, 0.04, 0.04, 0.04, 0.04, 0.04, 0.04, 0.04, 0.03, 0.03, 0.03, 0.03, 0.03, 0.03, 0.03, 0.03, 0.03, 0.03, 0.02, 0.02, 0.03, 0.02, 0.02, 0.02, 0.02, 0.02, 0.02, 0.02, 0.02, 0.02, 0.02, 0.02, 0.02, 0.02, 0.02, 0.02, 0.02, 0.02, 0.02, 0.02, 0.02, 0.02, 0.01, 0.01, 0.01, 0.01, 0.01, 0.01, 0.01, 0.01, 0.01, 0.01, 0.01, 0.01, 0.01, 0.01, 0.01, 0.01, 0.01, 0.01, 0.01, 0.01, 0.01, 0.01, 0.01, 0.01, 0.01, 0.01, 0.01, 0.01, 0.01, 0.01, 0.01, 0.01, 0.01, 0.01, 0.01, 0.01, 0.01, 0.01, 0.0, 0.0, 0.0, 0.0, 0.0, 0.0, 0.0, 0.0, 0.0, 0.0, 0.0, 0.0, 0.0]
cuhk02 G mean tp,fp,tn,fn:    [76.1, 48.8, 851.2, 23.9]
cuhk02 G std tp,fp,tn,fn:     [3.91, 11.83, 11.83, 3.91]


name_of_experiment:         experiment 23_2_2: market, neural_distance=absolute
file_name:                  siamese_cnn_image.pyc
date:                       25/08/2017   13:00:09
duration:                   20064.425661
market mean tp,fp,tn,fn:    [67.3, 294.1, 9605.9, 32.7]
market std tp,fp,tn,fn:     [7.31, 71.97, 71.97, 7.31]
market detection rate (TP/(TP+FN)):      0.673
market false alarm (FP/(FP+TN)):        0.0297070707071
market mean ranking:        [0.41, 0.59, 0.68, 0.75, 0.78, 0.81, 0.84, 0.86, 0.87, 0.89, 0.9, 0.91, 0.91, 0.92, 0.93, 0.93, 0.94, 0.94, 0.95, 0.96, 0.96, 0.96, 0.96, 0.97, 0.97, 0.97, 0.97, 0.97, 0.98, 0.98, 0.98, 0.98, 0.98, 0.98, 0.98, 0.98, 0.98, 0.98, 0.98, 0.98, 0.98, 0.98, 0.98, 0.98, 0.99, 0.99, 0.99, 0.99, 0.99, 0.99, 0.99, 0.99, 0.99, 0.99, 0.99, 0.99, 0.99, 0.99, 0.99, 0.99, 0.99, 0.99, 0.99, 0.99, 0.99, 0.99, 0.99, 0.99, 0.99, 0.99, 1.0, 1.0, 1.0, 1.0, 1.0, 1.0, 1.0, 1.0, 1.0, 1.0, 1.0, 1.0, 1.0, 1.0, 1.0, 1.0, 1.0, 1.0, 1.0, 1.0, 1.0, 1.0, 1.0, 1.0, 1.0, 1.0, 1.0, 1.0, 1.0, 1.0]
market std ranking:         [0.06, 0.05, 0.05, 0.05, 0.04, 0.04, 0.04, 0.04, 0.04, 0.03, 0.03, 0.03, 0.04, 0.03, 0.03, 0.03, 0.03, 0.03, 0.02, 0.02, 0.02, 0.02, 0.02, 0.02, 0.02, 0.02, 0.02, 0.02, 0.02, 0.02, 0.02, 0.02, 0.02, 0.01, 0.01, 0.01, 0.01, 0.01, 0.01, 0.01, 0.01, 0.01, 0.01, 0.01, 0.01, 0.01, 0.01, 0.01, 0.01, 0.01, 0.01, 0.01, 0.01, 0.01, 0.01, 0.01, 0.01, 0.01, 0.01, 0.01, 0.01, 0.01, 0.01, 0.01, 0.01, 0.01, 0.01, 0.01, 0.01, 0.01, 0.0, 0.0, 0.0, 0.0, 0.0, 0.0, 0.0, 0.0, 0.0, 0.0, 0.0, 0.0, 0.0, 0.0, 0.0, 0.0, 0.0, 0.0, 0.0, 0.0, 0.0, 0.0, 0.0, 0.0, 0.0, 0.0, 0.0, 0.0, 0.0, 0.0]
market G mean tp,fp,tn,fn:    [67.3, 27.4, 872.6, 32.7]
market G std tp,fp,tn,fn:     [7.31, 10.74, 10.74, 7.31]


name_of_experiment:         experiment 23_2_3: cuhk02, neural_distance=absolute
file_name:                  siamese_cnn_image.pyc
date:                       28/08/2017   01:57:52
duration:                   11099.536607
cuhk02 mean tp,fp,tn,fn:    [71.4, 452.0, 9448.0, 28.6]
cuhk02 std tp,fp,tn,fn:     [8.13, 170.66, 170.66, 8.13]
cuhk02 detection rate (TP/(TP+FN)):      0.714
cuhk02 false alarm (FP/(FP+TN)):        0.0456565656566
cuhk02 mean ranking:        [0.42, 0.54, 0.64, 0.7, 0.74, 0.77, 0.8, 0.82, 0.83, 0.85, 0.87, 0.89, 0.9, 0.9, 0.91, 0.92, 0.93, 0.93, 0.94, 0.94, 0.95, 0.95, 0.95, 0.95, 0.96, 0.96, 0.96, 0.96, 0.97, 0.97, 0.97, 0.97, 0.97, 0.97, 0.97, 0.97, 0.97, 0.98, 0.98, 0.98, 0.98, 0.98, 0.99, 0.99, 0.99, 0.99, 0.99, 0.99, 0.99, 0.99, 0.99, 0.99, 0.99, 0.99, 0.99, 0.99, 0.99, 1.0, 1.0, 1.0, 1.0, 1.0, 1.0, 1.0, 1.0, 1.0, 1.0, 1.0, 1.0, 1.0, 1.0, 1.0, 1.0, 1.0, 1.0, 1.0, 1.0, 1.0, 1.0, 1.0, 1.0, 1.0, 1.0, 1.0, 1.0, 1.0, 1.0, 1.0, 1.0, 1.0, 1.0, 1.0, 1.0, 1.0, 1.0, 1.0, 1.0, 1.0, 1.0, 1.0]
cuhk02 std ranking:         [0.06, 0.05, 0.06, 0.05, 0.05, 0.06, 0.06, 0.04, 0.04, 0.04, 0.04, 0.03, 0.03, 0.03, 0.03, 0.03, 0.03, 0.03, 0.03, 0.03, 0.03, 0.03, 0.03, 0.03, 0.03, 0.02, 0.02, 0.02, 0.02, 0.02, 0.02, 0.02, 0.02, 0.02, 0.02, 0.02, 0.02, 0.02, 0.02, 0.02, 0.02, 0.01, 0.01, 0.01, 0.01, 0.01, 0.01, 0.01, 0.01, 0.01, 0.01, 0.01, 0.01, 0.01, 0.01, 0.01, 0.01, 0.01, 0.01, 0.01, 0.01, 0.01, 0.01, 0.01, 0.01, 0.01, 0.01, 0.01, 0.01, 0.01, 0.01, 0.01, 0.0, 0.0, 0.0, 0.0, 0.0, 0.0, 0.0, 0.0, 0.0, 0.0, 0.0, 0.0, 0.0, 0.0, 0.0, 0.0, 0.0, 0.0, 0.0, 0.0, 0.0, 0.0, 0.0, 0.0, 0.0, 0.0, 0.0, 0.0]
cuhk02 G mean tp,fp,tn,fn:    [71.4, 24.6, 875.4, 28.6]
cuhk02 G std tp,fp,tn,fn:     [8.13, 9.43, 9.43, 8.13]


name_of_experiment:         experiment 23_2_4: market, neural_distance=add
file_name:                  siamese_cnn_image.pyc
date:                       28/08/2017   05:05:31
duration:                   11255.997999
market mean tp,fp,tn,fn:    [77.7, 727.9, 9172.1, 22.3]
market std tp,fp,tn,fn:     [4.88, 144.85, 144.85, 4.88]
market detection rate (TP/(TP+FN)):      0.777
market false alarm (FP/(FP+TN)):        0.0735252525253
market mean ranking:        [0.38, 0.53, 0.64, 0.69, 0.75, 0.78, 0.81, 0.83, 0.85, 0.87, 0.88, 0.89, 0.91, 0.91, 0.92, 0.93, 0.93, 0.94, 0.94, 0.94, 0.95, 0.95, 0.95, 0.96, 0.96, 0.96, 0.96, 0.97, 0.97, 0.97, 0.97, 0.97, 0.98, 0.98, 0.98, 0.98, 0.98, 0.98, 0.98, 0.99, 0.99, 0.99, 0.99, 0.99, 0.99, 0.99, 0.99, 0.99, 0.99, 0.99, 0.99, 0.99, 0.99, 0.99, 0.99, 0.99, 0.99, 0.99, 0.99, 0.99, 0.99, 1.0, 1.0, 1.0, 1.0, 1.0, 1.0, 1.0, 1.0, 1.0, 1.0, 1.0, 1.0, 1.0, 1.0, 1.0, 1.0, 1.0, 1.0, 1.0, 1.0, 1.0, 1.0, 1.0, 1.0, 1.0, 1.0, 1.0, 1.0, 1.0, 1.0, 1.0, 1.0, 1.0, 1.0, 1.0, 1.0, 1.0, 1.0, 1.0]
market std ranking:         [0.04, 0.03, 0.04, 0.04, 0.04, 0.05, 0.05, 0.04, 0.04, 0.04, 0.03, 0.03, 0.03, 0.03, 0.03, 0.03, 0.03, 0.03, 0.03, 0.03, 0.03, 0.03, 0.03, 0.02, 0.02, 0.02, 0.02, 0.02, 0.02, 0.02, 0.01, 0.02, 0.01, 0.01, 0.01, 0.01, 0.01, 0.01, 0.01, 0.01, 0.01, 0.01, 0.01, 0.01, 0.01, 0.01, 0.01, 0.01, 0.01, 0.01, 0.01, 0.01, 0.01, 0.01, 0.01, 0.01, 0.01, 0.01, 0.0, 0.0, 0.01, 0.0, 0.0, 0.0, 0.0, 0.0, 0.0, 0.0, 0.0, 0.0, 0.0, 0.0, 0.0, 0.0, 0.0, 0.0, 0.0, 0.0, 0.0, 0.0, 0.0, 0.0, 0.0, 0.0, 0.0, 0.0, 0.0, 0.0, 0.0, 0.0, 0.0, 0.0, 0.0, 0.0, 0.0, 0.0, 0.0, 0.0, 0.0, 0.0]
market G mean tp,fp,tn,fn:    [77.7, 61.0, 839.0, 22.3]
market G std tp,fp,tn,fn:     [4.88, 17.41, 17.41, 4.88]


name_of_experiment:         experiment 23_2_5: cuhk02, neural_distance=add
file_name:                  siamese_cnn_image.pyc
date:                       28/08/2017   08:11:36
duration:                   11161.402366
cuhk02 mean tp,fp,tn,fn:    [77.7, 1124.6, 8775.4, 22.3]
cuhk02 std tp,fp,tn,fn:     [8.37, 279.46, 279.46, 8.37]
cuhk02 detection rate (TP/(TP+FN)):      0.777
cuhk02 false alarm (FP/(FP+TN)):        0.113595959596
cuhk02 mean ranking:        [0.29, 0.46, 0.54, 0.6, 0.65, 0.69, 0.72, 0.74, 0.78, 0.8, 0.81, 0.82, 0.84, 0.85, 0.86, 0.88, 0.89, 0.89, 0.91, 0.91, 0.92, 0.93, 0.93, 0.93, 0.94, 0.94, 0.94, 0.94, 0.95, 0.95, 0.95, 0.96, 0.96, 0.96, 0.96, 0.96, 0.96, 0.97, 0.97, 0.97, 0.97, 0.97, 0.98, 0.98, 0.98, 0.98, 0.99, 0.99, 0.99, 0.99, 0.99, 0.99, 0.99, 0.99, 0.99, 0.99, 0.99, 0.99, 0.99, 0.99, 0.99, 0.99, 0.99, 0.99, 0.99, 0.99, 0.99, 1.0, 1.0, 1.0, 1.0, 1.0, 1.0, 1.0, 1.0, 1.0, 1.0, 1.0, 1.0, 1.0, 1.0, 1.0, 1.0, 1.0, 1.0, 1.0, 1.0, 1.0, 1.0, 1.0, 1.0, 1.0, 1.0, 1.0, 1.0, 1.0, 1.0, 1.0, 1.0, 1.0]
cuhk02 std ranking:         [0.05, 0.06, 0.07, 0.06, 0.05, 0.05, 0.05, 0.05, 0.05, 0.05, 0.05, 0.04, 0.04, 0.04, 0.04, 0.05, 0.05, 0.04, 0.04, 0.03, 0.03, 0.03, 0.03, 0.03, 0.03, 0.02, 0.03, 0.02, 0.02, 0.02, 0.02, 0.02, 0.02, 0.02, 0.02, 0.02, 0.02, 0.02, 0.01, 0.01, 0.01, 0.01, 0.01, 0.01, 0.01, 0.01, 0.01, 0.01, 0.01, 0.01, 0.01, 0.01, 0.01, 0.01, 0.01, 0.01, 0.01, 0.01, 0.01, 0.01, 0.01, 0.01, 0.01, 0.01, 0.01, 0.01, 0.0, 0.01, 0.0, 0.0, 0.0, 0.0, 0.0, 0.0, 0.0, 0.0, 0.0, 0.0, 0.0, 0.0, 0.0, 0.0, 0.0, 0.0, 0.0, 0.0, 0.0, 0.0, 0.0, 0.0, 0.0, 0.0, 0.0, 0.0, 0.0, 0.0, 0.0, 0.0, 0.0, 0.0]
cuhk02 G mean tp,fp,tn,fn:    [77.7, 74.9, 825.1, 22.3]
cuhk02 G std tp,fp,tn,fn:     [8.37, 24.24, 24.24, 8.37]


name_of_experiment:         experiment 23_2_6: market, neural_distance=subtract
file_name:                  siamese_cnn_image.pyc
date:                       28/08/2017   12:58:21
duration:                   12043.683239
market mean tp,fp,tn,fn:    [74.8, 410.1, 9489.9, 25.2]
market std tp,fp,tn,fn:     [4.87, 55.2, 55.2, 4.87]
market detection rate (TP/(TP+FN)):      0.748
market false alarm (FP/(FP+TN)):        0.0414242424242
market mean ranking:        [0.42, 0.56, 0.65, 0.71, 0.75, 0.79, 0.82, 0.84, 0.86, 0.88, 0.89, 0.9, 0.91, 0.92, 0.93, 0.93, 0.94, 0.94, 0.95, 0.96, 0.96, 0.96, 0.96, 0.96, 0.97, 0.97, 0.97, 0.98, 0.98, 0.98, 0.98, 0.98, 0.98, 0.98, 0.98, 0.98, 0.99, 0.99, 0.99, 0.99, 0.99, 0.99, 0.99, 0.99, 0.99, 0.99, 0.99, 0.99, 0.99, 1.0, 1.0, 1.0, 1.0, 1.0, 1.0, 1.0, 1.0, 1.0, 1.0, 1.0, 1.0, 1.0, 1.0, 1.0, 1.0, 1.0, 1.0, 1.0, 1.0, 1.0, 1.0, 1.0, 1.0, 1.0, 1.0, 1.0, 1.0, 1.0, 1.0, 1.0, 1.0, 1.0, 1.0, 1.0, 1.0, 1.0, 1.0, 1.0, 1.0, 1.0, 1.0, 1.0, 1.0, 1.0, 1.0, 1.0, 1.0, 1.0, 1.0, 1.0]
market std ranking:         [0.05, 0.05, 0.05, 0.04, 0.04, 0.04, 0.04, 0.03, 0.03, 0.03, 0.03, 0.03, 0.03, 0.03, 0.02, 0.02, 0.02, 0.02, 0.02, 0.02, 0.02, 0.02, 0.02, 0.02, 0.02, 0.02, 0.01, 0.01, 0.01, 0.02, 0.01, 0.01, 0.01, 0.01, 0.01, 0.01, 0.01, 0.01, 0.01, 0.01, 0.01, 0.01, 0.01, 0.01, 0.01, 0.01, 0.01, 0.01, 0.01, 0.01, 0.01, 0.01, 0.01, 0.01, 0.01, 0.01, 0.01, 0.01, 0.01, 0.01, 0.01, 0.01, 0.01, 0.01, 0.01, 0.01, 0.01, 0.01, 0.01, 0.01, 0.01, 0.0, 0.0, 0.0, 0.0, 0.0, 0.0, 0.0, 0.0, 0.0, 0.0, 0.0, 0.0, 0.0, 0.0, 0.0, 0.0, 0.0, 0.0, 0.0, 0.0, 0.0, 0.0, 0.0, 0.0, 0.0, 0.0, 0.0, 0.0, 0.0]
market G mean tp,fp,tn,fn:    [74.8, 37.8, 862.2, 25.2]
market G std tp,fp,tn,fn:     [4.87, 10.57, 10.57, 4.87]


name_of_experiment:         experiment 23_2_7: cuhk02, neural_distance=subtract
file_name:                  siamese_cnn_image.pyc
date:                       28/08/2017   16:09:45
duration:                   11480.876728
cuhk02 mean tp,fp,tn,fn:    [78.2, 544.7, 9355.3, 21.8]
cuhk02 std tp,fp,tn,fn:     [5.0, 81.05, 81.05, 5.0]
cuhk02 detection rate (TP/(TP+FN)):      0.782
cuhk02 false alarm (FP/(FP+TN)):        0.0550202020202
cuhk02 mean ranking:        [0.41, 0.55, 0.64, 0.7, 0.75, 0.78, 0.82, 0.84, 0.86, 0.87, 0.89, 0.91, 0.92, 0.93, 0.93, 0.94, 0.94, 0.94, 0.94, 0.95, 0.95, 0.95, 0.95, 0.96, 0.96, 0.96, 0.96, 0.96, 0.96, 0.97, 0.97, 0.97, 0.97, 0.97, 0.97, 0.97, 0.97, 0.98, 0.98, 0.98, 0.98, 0.98, 0.98, 0.98, 0.99, 0.99, 0.99, 0.99, 0.99, 0.99, 0.99, 0.99, 0.99, 0.99, 0.99, 0.99, 0.99, 0.99, 0.99, 0.99, 0.99, 1.0, 1.0, 1.0, 1.0, 1.0, 1.0, 1.0, 1.0, 1.0, 1.0, 1.0, 1.0, 1.0, 1.0, 1.0, 1.0, 1.0, 1.0, 1.0, 1.0, 1.0, 1.0, 1.0, 1.0, 1.0, 1.0, 1.0, 1.0, 1.0, 1.0, 1.0, 1.0, 1.0, 1.0, 1.0, 1.0, 1.0, 1.0, 1.0]
cuhk02 std ranking:         [0.06, 0.08, 0.06, 0.06, 0.05, 0.05, 0.04, 0.04, 0.03, 0.03, 0.03, 0.03, 0.03, 0.03, 0.03, 0.03, 0.02, 0.02, 0.02, 0.02, 0.02, 0.02, 0.02, 0.02, 0.02, 0.02, 0.02, 0.02, 0.02, 0.02, 0.02, 0.02, 0.02, 0.02, 0.01, 0.01, 0.01, 0.01, 0.01, 0.01, 0.01, 0.01, 0.01, 0.01, 0.01, 0.01, 0.01, 0.01, 0.01, 0.01, 0.01, 0.01, 0.01, 0.01, 0.01, 0.01, 0.01, 0.01, 0.01, 0.01, 0.01, 0.01, 0.01, 0.01, 0.01, 0.01, 0.01, 0.0, 0.0, 0.0, 0.0, 0.0, 0.0, 0.0, 0.0, 0.0, 0.0, 0.0, 0.0, 0.0, 0.0, 0.0, 0.0, 0.0, 0.0, 0.0, 0.0, 0.0, 0.0, 0.0, 0.0, 0.0, 0.0, 0.0, 0.0, 0.0, 0.0, 0.0, 0.0, 0.0]
cuhk02 G mean tp,fp,tn,fn:    [78.2, 33.2, 866.8, 21.8]
cuhk02 G std tp,fp,tn,fn:     [5.0, 8.16, 8.16, 5.0]


name_of_experiment:         experiment 23_2_8: market, neural_distance=multiply
file_name:                  siamese_cnn_image.pyc
date:                       28/08/2017   19:30:37
duration:                   12049.015238
market mean tp,fp,tn,fn:    [65.5, 281.2, 9618.8, 34.5]
market std tp,fp,tn,fn:     [6.2, 31.69, 31.69, 6.2]
market detection rate (TP/(TP+FN)):      0.655
market false alarm (FP/(FP+TN)):        0.028404040404
market mean ranking:        [0.45, 0.59, 0.65, 0.7, 0.73, 0.76, 0.78, 0.8, 0.82, 0.83, 0.84, 0.85, 0.86, 0.87, 0.88, 0.89, 0.89, 0.9, 0.91, 0.91, 0.91, 0.92, 0.92, 0.93, 0.93, 0.93, 0.93, 0.93, 0.94, 0.94, 0.94, 0.94, 0.94, 0.94, 0.95, 0.95, 0.95, 0.96, 0.96, 0.96, 0.97, 0.97, 0.97, 0.97, 0.97, 0.98, 0.98, 0.98, 0.98, 0.98, 0.98, 0.98, 0.98, 0.98, 0.98, 0.98, 0.98, 0.98, 0.99, 0.99, 0.99, 0.99, 0.99, 0.99, 0.99, 0.99, 0.99, 0.99, 0.99, 0.99, 0.99, 0.99, 0.99, 0.99, 0.99, 0.99, 0.99, 0.99, 0.99, 1.0, 1.0, 1.0, 1.0, 1.0, 1.0, 1.0, 1.0, 1.0, 1.0, 1.0, 1.0, 1.0, 1.0, 1.0, 1.0, 1.0, 1.0, 1.0, 1.0, 1.0]
market std ranking:         [0.05, 0.06, 0.06, 0.06, 0.06, 0.05, 0.05, 0.04, 0.04, 0.04, 0.04, 0.03, 0.04, 0.04, 0.04, 0.04, 0.04, 0.04, 0.04, 0.04, 0.04, 0.04, 0.03, 0.03, 0.03, 0.03, 0.03, 0.03, 0.03, 0.03, 0.03, 0.03, 0.03, 0.03, 0.03, 0.03, 0.02, 0.02, 0.02, 0.02, 0.02, 0.02, 0.02, 0.02, 0.02, 0.02, 0.02, 0.02, 0.02, 0.02, 0.02, 0.01, 0.01, 0.01, 0.01, 0.01, 0.01, 0.01, 0.01, 0.01, 0.01, 0.01, 0.01, 0.01, 0.01, 0.01, 0.01, 0.01, 0.01, 0.01, 0.01, 0.01, 0.01, 0.01, 0.01, 0.01, 0.01, 0.01, 0.01, 0.01, 0.01, 0.01, 0.01, 0.01, 0.0, 0.0, 0.0, 0.0, 0.0, 0.0, 0.0, 0.0, 0.0, 0.0, 0.0, 0.0, 0.0, 0.0, 0.0, 0.0]
market G mean tp,fp,tn,fn:    [65.5, 25.1, 874.9, 34.5]
market G std tp,fp,tn,fn:     [6.2, 3.81, 3.81, 6.2]


name_of_experiment:         experiment 23_2_9: cuhk02, neural_distance=multiply
file_name:                  siamese_cnn_image.pyc
date:                       28/08/2017   22:42:39
duration:                   11517.152802
cuhk02 mean tp,fp,tn,fn:    [59.9, 280.8, 9619.2, 40.1]
cuhk02 std tp,fp,tn,fn:     [5.86, 42.74, 42.74, 5.86]
cuhk02 detection rate (TP/(TP+FN)):      0.599
cuhk02 false alarm (FP/(FP+TN)):        0.0283636363636
cuhk02 mean ranking:        [0.44, 0.55, 0.61, 0.65, 0.69, 0.73, 0.75, 0.76, 0.78, 0.78, 0.79, 0.8, 0.82, 0.82, 0.83, 0.84, 0.85, 0.86, 0.87, 0.88, 0.89, 0.9, 0.9, 0.91, 0.91, 0.92, 0.92, 0.93, 0.93, 0.94, 0.95, 0.95, 0.95, 0.96, 0.96, 0.96, 0.96, 0.97, 0.97, 0.97, 0.97, 0.97, 0.97, 0.98, 0.98, 0.98, 0.98, 0.98, 0.98, 0.98, 0.98, 0.98, 0.98, 0.98, 0.98, 0.98, 0.98, 0.98, 0.98, 0.99, 0.99, 0.99, 0.99, 0.99, 0.99, 0.99, 0.99, 0.99, 0.99, 0.99, 0.99, 0.99, 0.99, 0.99, 0.99, 1.0, 1.0, 1.0, 1.0, 1.0, 1.0, 1.0, 1.0, 1.0, 1.0, 1.0, 1.0, 1.0, 1.0, 1.0, 1.0, 1.0, 1.0, 1.0, 1.0, 1.0, 1.0, 1.0, 1.0, 1.0]
cuhk02 std ranking:         [0.05, 0.05, 0.05, 0.06, 0.05, 0.04, 0.04, 0.03, 0.04, 0.04, 0.04, 0.04, 0.04, 0.04, 0.04, 0.04, 0.04, 0.03, 0.03, 0.03, 0.03, 0.03, 0.03, 0.03, 0.03, 0.03, 0.03, 0.02, 0.02, 0.02, 0.02, 0.02, 0.02, 0.02, 0.02, 0.02, 0.02, 0.02, 0.02, 0.02, 0.02, 0.02, 0.02, 0.02, 0.02, 0.02, 0.02, 0.02, 0.01, 0.01, 0.01, 0.01, 0.01, 0.01, 0.01, 0.01, 0.01, 0.01, 0.01, 0.01, 0.01, 0.01, 0.01, 0.01, 0.01, 0.01, 0.01, 0.01, 0.01, 0.01, 0.01, 0.0, 0.0, 0.0, 0.0, 0.01, 0.01, 0.01, 0.01, 0.01, 0.0, 0.0, 0.0, 0.0, 0.0, 0.0, 0.0, 0.0, 0.0, 0.0, 0.0, 0.0, 0.0, 0.0, 0.0, 0.0, 0.0, 0.0, 0.0, 0.0]
cuhk02 G mean tp,fp,tn,fn:    [59.9, 21.1, 878.9, 40.1]
cuhk02 G std tp,fp,tn,fn:     [5.86, 6.71, 6.71, 5.86]


[NOTE] this is strange, new experiments running
name_of_experiment:         experiment 23_2_10: market, neural_distance=divide
file_name:                  siamese_cnn_image.pyc
date:                       29/08/2017   02:00:23
duration:                   11861.399961
market mean tp,fp,tn,fn:    [0.0, 0.0, 9900.0, 100.0]
market std tp,fp,tn,fn:     [0.0, 0.0, 0.0, 0.0]
market detection rate (TP/(TP+FN)):      0.0
market false alarm (FP/(FP+TN)):        0.0
market mean ranking:        [0.01, 0.02, 0.03, 0.04, 0.05, 0.06, 0.07, 0.08, 0.09, 0.1, 0.11, 0.12, 0.13, 0.14, 0.15, 0.16, 0.17, 0.18, 0.19, 0.2, 0.21, 0.22, 0.23, 0.24, 0.25, 0.26, 0.27, 0.28, 0.29, 0.3, 0.31, 0.32, 0.33, 0.34, 0.35, 0.36, 0.37, 0.38, 0.39, 0.4, 0.41, 0.42, 0.43, 0.44, 0.45, 0.46, 0.47, 0.48, 0.49, 0.5, 0.51, 0.52, 0.53, 0.54, 0.55, 0.56, 0.57, 0.58, 0.59, 0.6, 0.61, 0.62, 0.63, 0.64, 0.65, 0.66, 0.67, 0.68, 0.69, 0.7, 0.71, 0.72, 0.73, 0.74, 0.75, 0.76, 0.77, 0.78, 0.79, 0.8, 0.81, 0.82, 0.83, 0.84, 0.85, 0.86, 0.87, 0.88, 0.89, 0.9, 0.91, 0.92, 0.93, 0.94, 0.95, 0.96, 0.97, 0.98, 0.99, 1.0]
market std ranking:         [0.0, 0.0, 0.0, 0.0, 0.0, 0.0, 0.0, 0.0, 0.0, 0.0, 0.0, 0.0, 0.0, 0.0, 0.0, 0.0, 0.0, 0.0, 0.0, 0.0, 0.0, 0.0, 0.0, 0.0, 0.0, 0.0, 0.0, 0.0, 0.0, 0.0, 0.0, 0.0, 0.0, 0.0, 0.0, 0.0, 0.0, 0.0, 0.0, 0.0, 0.0, 0.0, 0.0, 0.0, 0.0, 0.0, 0.0, 0.0, 0.0, 0.0, 0.0, 0.0, 0.0, 0.0, 0.0, 0.0, 0.0, 0.0, 0.0, 0.0, 0.0, 0.0, 0.0, 0.0, 0.0, 0.0, 0.0, 0.0, 0.0, 0.0, 0.0, 0.0, 0.0, 0.0, 0.0, 0.0, 0.0, 0.0, 0.0, 0.0, 0.0, 0.0, 0.0, 0.0, 0.0, 0.0, 0.0, 0.0, 0.0, 0.0, 0.0, 0.0, 0.0, 0.0, 0.0, 0.0, 0.0, 0.0, 0.0, 0.0]
market G mean tp,fp,tn,fn:    [0.0, 0.0, 900.0, 100.0]
market G std tp,fp,tn,fn:     [0.0, 0.0, 0.0, 0.0]


[NOTE] this is strange, new experiments running
name_of_experiment:         experiment 23_2_11: cuhk02, neural_distance=divide
file_name:                  siamese_cnn_image.pyc
date:                       29/08/2017   05:05:12
duration:                   11085.597558
cuhk02 mean tp,fp,tn,fn:    [0.0, 0.0, 9900.0, 100.0]
cuhk02 std tp,fp,tn,fn:     [0.0, 0.0, 0.0, 0.0]
cuhk02 detection rate (TP/(TP+FN)):      0.0
cuhk02 false alarm (FP/(FP+TN)):        0.0
cuhk02 mean ranking:        [0.01, 0.02, 0.03, 0.04, 0.05, 0.06, 0.07, 0.08, 0.09, 0.1, 0.11, 0.12, 0.13, 0.14, 0.15, 0.16, 0.17, 0.18, 0.19, 0.2, 0.21, 0.22, 0.23, 0.24, 0.25, 0.26, 0.27, 0.28, 0.29, 0.3, 0.31, 0.32, 0.33, 0.34, 0.35, 0.36, 0.37, 0.38, 0.39, 0.4, 0.41, 0.42, 0.43, 0.44, 0.45, 0.46, 0.47, 0.48, 0.49, 0.5, 0.51, 0.52, 0.53, 0.54, 0.55, 0.56, 0.57, 0.58, 0.59, 0.6, 0.61, 0.62, 0.63, 0.64, 0.65, 0.66, 0.67, 0.68, 0.69, 0.7, 0.71, 0.72, 0.73, 0.74, 0.75, 0.76, 0.77, 0.78, 0.79, 0.8, 0.81, 0.82, 0.83, 0.84, 0.85, 0.86, 0.87, 0.88, 0.89, 0.9, 0.91, 0.92, 0.93, 0.94, 0.95, 0.96, 0.97, 0.98, 0.99, 1.0]
cuhk02 std ranking:         [0.0, 0.0, 0.0, 0.0, 0.0, 0.0, 0.0, 0.0, 0.0, 0.0, 0.0, 0.0, 0.0, 0.0, 0.0, 0.0, 0.0, 0.0, 0.0, 0.0, 0.0, 0.0, 0.0, 0.0, 0.0, 0.0, 0.0, 0.0, 0.0, 0.0, 0.0, 0.0, 0.0, 0.0, 0.0, 0.0, 0.0, 0.0, 0.0, 0.0, 0.0, 0.0, 0.0, 0.0, 0.0, 0.0, 0.0, 0.0, 0.0, 0.0, 0.0, 0.0, 0.0, 0.0, 0.0, 0.0, 0.0, 0.0, 0.0, 0.0, 0.0, 0.0, 0.0, 0.0, 0.0, 0.0, 0.0, 0.0, 0.0, 0.0, 0.0, 0.0, 0.0, 0.0, 0.0, 0.0, 0.0, 0.0, 0.0, 0.0, 0.0, 0.0, 0.0, 0.0, 0.0, 0.0, 0.0, 0.0, 0.0, 0.0, 0.0, 0.0, 0.0, 0.0, 0.0, 0.0, 0.0, 0.0, 0.0, 0.0]
cuhk02 G mean tp,fp,tn,fn:    [0.0, 0.0, 900.0, 100.0]
cuhk02 G std tp,fp,tn,fn:     [0.0, 0.0, 0.0, 0.0]