name_of_experiment:         experiment 24_0: viper_augmented, neural_distance=concatenate
file_name:                  siamese_cnn_image.pyc
date:                       26/08/2017   00:01:40
duration:                   22527.499828
viper_augmented mean tp,fp,tn,fn:    [73.0, 1058.2, 8841.8, 27.0]
viper_augmented std tp,fp,tn,fn:     [7.64, 358.56, 358.56, 7.64]
viper_augmented detection rate (TP/(TP+FN)):      0.73
viper_augmented false alarm (FP/(FP+TN)):        0.106888888889
viper_augmented mean ranking:        [0.45, 0.54, 0.59, 0.62, 0.65, 0.67, 0.69, 0.71, 0.72, 0.74, 0.76, 0.76, 0.78, 0.79, 0.8, 0.8, 0.82, 0.82, 0.83, 0.84, 0.85, 0.85, 0.86, 0.86, 0.87, 0.87, 0.88, 0.88, 0.89, 0.89, 0.89, 0.9, 0.9, 0.91, 0.91, 0.91, 0.91, 0.92, 0.92, 0.92, 0.93, 0.93, 0.93, 0.94, 0.94, 0.94, 0.94, 0.95, 0.95, 0.95, 0.95, 0.95, 0.96, 0.96, 0.96, 0.96, 0.97, 0.97, 0.97, 0.97, 0.97, 0.98, 0.98, 0.98, 0.98, 0.98, 0.98, 0.98, 0.99, 0.99, 0.99, 0.99, 0.99, 0.99, 0.99, 0.99, 0.99, 0.99, 1.0, 1.0, 1.0, 1.0, 1.0, 1.0, 1.0, 1.0, 1.0, 1.0, 1.0, 1.0, 1.0, 1.0, 1.0, 1.0, 1.0, 1.0, 1.0, 1.0, 1.0, 1.0]
viper_augmented std ranking:         [0.05, 0.06, 0.06, 0.07, 0.07, 0.07, 0.07, 0.08, 0.08, 0.08, 0.08, 0.08, 0.07, 0.08, 0.08, 0.08, 0.08, 0.08, 0.08, 0.08, 0.08, 0.08, 0.08, 0.08, 0.08, 0.08, 0.07, 0.07, 0.08, 0.08, 0.07, 0.07, 0.08, 0.07, 0.07, 0.07, 0.07, 0.07, 0.07, 0.07, 0.07, 0.06, 0.06, 0.06, 0.06, 0.06, 0.06, 0.05, 0.05, 0.05, 0.05, 0.05, 0.04, 0.04, 0.04, 0.04, 0.04, 0.04, 0.03, 0.03, 0.03, 0.02, 0.02, 0.02, 0.02, 0.02, 0.02, 0.02, 0.01, 0.01, 0.01, 0.01, 0.01, 0.01, 0.01, 0.01, 0.01, 0.01, 0.01, 0.01, 0.01, 0.01, 0.0, 0.0, 0.0, 0.0, 0.0, 0.0, 0.0, 0.0, 0.0, 0.0, 0.0, 0.0, 0.0, 0.0, 0.0, 0.0, 0.0, 0.0]
viper_augmented G mean tp,fp,tn,fn:    [73.0, 100.1, 799.9, 27.0]
viper_augmented G std tp,fp,tn,fn:     [7.64, 35.64, 35.64, 7.64]


name_of_experiment:         experiment 24_1: prid450_augmented, neural_distance=concatenate
file_name:                  siamese_cnn_image.pyc
date:                       26/08/2017   03:30:33
duration:                   12527.851686
prid450_augmented mean tp,fp,tn,fn:    [75.15, 769.15, 9130.85, 24.85]
prid450_augmented std tp,fp,tn,fn:     [6.97, 186.41, 186.41, 6.97]
prid450_augmented detection rate (TP/(TP+FN)):      0.7515
prid450_augmented false alarm (FP/(FP+TN)):        0.0776919191919
prid450_augmented mean ranking:        [0.48, 0.58, 0.64, 0.67, 0.7, 0.72, 0.74, 0.76, 0.78, 0.79, 0.79, 0.81, 0.82, 0.83, 0.84, 0.85, 0.85, 0.86, 0.87, 0.87, 0.88, 0.88, 0.89, 0.89, 0.9, 0.9, 0.91, 0.91, 0.92, 0.92, 0.92, 0.92, 0.93, 0.93, 0.94, 0.94, 0.94, 0.95, 0.95, 0.95, 0.95, 0.96, 0.96, 0.96, 0.96, 0.97, 0.97, 0.97, 0.97, 0.97, 0.98, 0.98, 0.98, 0.98, 0.98, 0.99, 0.99, 0.99, 0.99, 0.99, 0.99, 0.99, 0.99, 0.99, 0.99, 0.99, 0.99, 1.0, 1.0, 1.0, 1.0, 1.0, 1.0, 1.0, 1.0, 1.0, 1.0, 1.0, 1.0, 1.0, 1.0, 1.0, 1.0, 1.0, 1.0, 1.0, 1.0, 1.0, 1.0, 1.0, 1.0, 1.0, 1.0, 1.0, 1.0, 1.0, 1.0, 1.0, 1.0, 1.0]
prid450_augmented std ranking:         [0.06, 0.06, 0.06, 0.06, 0.06, 0.06, 0.06, 0.06, 0.06, 0.06, 0.06, 0.06, 0.06, 0.06, 0.05, 0.05, 0.05, 0.05, 0.04, 0.04, 0.04, 0.04, 0.04, 0.04, 0.03, 0.03, 0.03, 0.03, 0.03, 0.03, 0.03, 0.03, 0.02, 0.02, 0.02, 0.02, 0.02, 0.02, 0.02, 0.02, 0.02, 0.02, 0.02, 0.02, 0.02, 0.02, 0.02, 0.01, 0.01, 0.01, 0.01, 0.01, 0.01, 0.01, 0.01, 0.01, 0.01, 0.01, 0.01, 0.01, 0.01, 0.01, 0.01, 0.01, 0.01, 0.01, 0.01, 0.01, 0.01, 0.01, 0.01, 0.01, 0.01, 0.01, 0.01, 0.01, 0.01, 0.01, 0.01, 0.01, 0.01, 0.01, 0.01, 0.01, 0.01, 0.01, 0.0, 0.0, 0.0, 0.0, 0.0, 0.0, 0.0, 0.0, 0.0, 0.0, 0.0, 0.0, 0.0, 0.0]
prid450_augmented G mean tp,fp,tn,fn:    [75.15, 74.7, 825.3, 24.85]
prid450_augmented G std tp,fp,tn,fn:     [6.97, 28.46, 28.46, 6.97]


name_of_experiment:         experiment 24_2: grid_augmented, neural_distance=concatenate
file_name:                  siamese_cnn_image.pyc
date:                       26/08/2017   04:48:27
duration:                   4671.038732
grid_augmented mean tp,fp,tn,fn:    [77.65, 593.9, 9306.1, 22.35]
grid_augmented std tp,fp,tn,fn:     [3.6, 121.54, 121.54, 3.6]
grid_augmented detection rate (TP/(TP+FN)):      0.7765
grid_augmented false alarm (FP/(FP+TN)):        0.0599898989899
grid_augmented mean ranking:        [0.48, 0.59, 0.65, 0.7, 0.74, 0.77, 0.79, 0.81, 0.83, 0.84, 0.86, 0.88, 0.89, 0.89, 0.9, 0.91, 0.91, 0.92, 0.92, 0.93, 0.93, 0.94, 0.94, 0.94, 0.95, 0.95, 0.95, 0.96, 0.96, 0.96, 0.97, 0.97, 0.97, 0.97, 0.98, 0.98, 0.98, 0.98, 0.98, 0.98, 0.98, 0.98, 0.98, 0.99, 0.99, 0.99, 0.99, 0.99, 0.99, 0.99, 0.99, 0.99, 0.99, 0.99, 0.99, 0.99, 0.99, 1.0, 1.0, 1.0, 1.0, 1.0, 1.0, 1.0, 1.0, 1.0, 1.0, 1.0, 1.0, 1.0, 1.0, 1.0, 1.0, 1.0, 1.0, 1.0, 1.0, 1.0, 1.0, 1.0, 1.0, 1.0, 1.0, 1.0, 1.0, 1.0, 1.0, 1.0, 1.0, 1.0, 1.0, 1.0, 1.0, 1.0, 1.0, 1.0, 1.0, 1.0, 1.0, 1.0]
grid_augmented std ranking:         [0.04, 0.05, 0.05, 0.06, 0.05, 0.05, 0.05, 0.05, 0.05, 0.04, 0.04, 0.04, 0.04, 0.04, 0.04, 0.04, 0.04, 0.03, 0.03, 0.03, 0.03, 0.03, 0.03, 0.03, 0.03, 0.03, 0.03, 0.03, 0.02, 0.02, 0.02, 0.02, 0.02, 0.02, 0.02, 0.02, 0.02, 0.02, 0.02, 0.02, 0.02, 0.01, 0.01, 0.01, 0.01, 0.01, 0.01, 0.01, 0.01, 0.01, 0.01, 0.01, 0.01, 0.01, 0.01, 0.01, 0.01, 0.01, 0.01, 0.01, 0.01, 0.01, 0.01, 0.01, 0.01, 0.01, 0.01, 0.01, 0.01, 0.01, 0.01, 0.0, 0.0, 0.0, 0.0, 0.0, 0.0, 0.0, 0.0, 0.0, 0.0, 0.0, 0.0, 0.0, 0.0, 0.0, 0.0, 0.0, 0.0, 0.0, 0.0, 0.0, 0.0, 0.0, 0.0, 0.0, 0.0, 0.0, 0.0, 0.0]
grid_augmented G mean tp,fp,tn,fn:    [77.65, 49.75, 850.25, 22.35]
grid_augmented G std tp,fp,tn,fn:     [3.6, 14.29, 14.29, 3.6]