name_of_experiment:         experiment 25_0: test=viper, train=[grid, prid450, cuhk02, market
file_name:                  siamese_cnn_image.pyc
date:                       26/08/2017   09:49:24
duration:                   57783.480894
viper mean tp,fp,tn,fn:    [71.05, 1646.1, 8253.9, 28.95]
viper std tp,fp,tn,fn:     [10.11, 688.58, 688.58, 10.11]
viper detection rate (TP/(TP+FN)):      0.7105
viper false alarm (FP/(FP+TN)):        0.166272727273
viper mean ranking:        [0.16, 0.25, 0.32, 0.37, 0.42, 0.46, 0.5, 0.53, 0.56, 0.58, 0.6, 0.62, 0.65, 0.66, 0.68, 0.69, 0.71, 0.72, 0.74, 0.75, 0.76, 0.77, 0.79, 0.8, 0.81, 0.81, 0.82, 0.83, 0.84, 0.84, 0.85, 0.86, 0.87, 0.87, 0.88, 0.88, 0.88, 0.89, 0.9, 0.9, 0.91, 0.91, 0.92, 0.92, 0.93, 0.93, 0.93, 0.93, 0.94, 0.94, 0.94, 0.95, 0.95, 0.95, 0.96, 0.96, 0.96, 0.96, 0.97, 0.97, 0.97, 0.97, 0.97, 0.98, 0.98, 0.98, 0.98, 0.98, 0.98, 0.98, 0.99, 0.99, 0.99, 0.99, 0.99, 0.99, 0.99, 0.99, 0.99, 0.99, 1.0, 1.0, 1.0, 1.0, 1.0, 1.0, 1.0, 1.0, 1.0, 1.0, 1.0, 1.0, 1.0, 1.0, 1.0, 1.0, 1.0, 1.0, 1.0, 1.0]
viper std ranking:         [0.04, 0.07, 0.1, 0.11, 0.12, 0.13, 0.14, 0.14, 0.14, 0.15, 0.14, 0.15, 0.15, 0.15, 0.15, 0.15, 0.14, 0.14, 0.14, 0.14, 0.13, 0.12, 0.12, 0.11, 0.11, 0.11, 0.11, 0.11, 0.1, 0.1, 0.1, 0.1, 0.09, 0.09, 0.09, 0.08, 0.08, 0.08, 0.08, 0.08, 0.07, 0.07, 0.07, 0.07, 0.06, 0.06, 0.06, 0.06, 0.06, 0.05, 0.05, 0.05, 0.05, 0.05, 0.04, 0.04, 0.04, 0.04, 0.04, 0.03, 0.03, 0.03, 0.03, 0.03, 0.02, 0.02, 0.02, 0.02, 0.02, 0.02, 0.02, 0.02, 0.02, 0.02, 0.02, 0.01, 0.01, 0.01, 0.01, 0.01, 0.01, 0.0, 0.0, 0.0, 0.0, 0.0, 0.0, 0.0, 0.0, 0.0, 0.0, 0.0, 0.0, 0.0, 0.0, 0.0, 0.0, 0.0, 0.0, 0.0]
viper G mean tp,fp,tn,fn:    [71.05, 158.9, 741.1, 28.95]
viper G std tp,fp,tn,fn:     [10.11, 74.55, 74.55, 10.11]


name_of_experiment:         experiment 25_1: test=grid, train=viper, prid450, cuhk02, market
file_name:                  siamese_cnn_image.pyc
date:                       27/08/2017   01:29:11
duration:                   56379.831824
grid mean tp,fp,tn,fn:    [78.5, 1838.7, 8061.3, 21.5]
grid std tp,fp,tn,fn:     [5.79, 318.13, 318.13, 5.79]
grid detection rate (TP/(TP+FN)):      0.785
grid false alarm (FP/(FP+TN)):        0.185727272727
grid mean ranking:        [0.17, 0.27, 0.35, 0.41, 0.46, 0.5, 0.54, 0.58, 0.6, 0.62, 0.64, 0.67, 0.69, 0.71, 0.73, 0.76, 0.77, 0.79, 0.8, 0.82, 0.83, 0.84, 0.85, 0.86, 0.86, 0.87, 0.88, 0.89, 0.89, 0.9, 0.91, 0.91, 0.92, 0.92, 0.93, 0.93, 0.93, 0.94, 0.94, 0.94, 0.95, 0.95, 0.95, 0.96, 0.96, 0.96, 0.96, 0.96, 0.96, 0.97, 0.97, 0.97, 0.97, 0.97, 0.97, 0.97, 0.98, 0.98, 0.98, 0.98, 0.98, 0.98, 0.98, 0.98, 0.99, 0.99, 0.99, 0.99, 0.99, 0.99, 0.99, 0.99, 0.99, 0.99, 0.99, 1.0, 1.0, 1.0, 1.0, 1.0, 1.0, 1.0, 1.0, 1.0, 1.0, 1.0, 1.0, 1.0, 1.0, 1.0, 1.0, 1.0, 1.0, 1.0, 1.0, 1.0, 1.0, 1.0, 1.0, 1.0]
grid std ranking:         [0.05, 0.06, 0.06, 0.06, 0.06, 0.06, 0.06, 0.05, 0.05, 0.05, 0.05, 0.05, 0.05, 0.05, 0.05, 0.04, 0.04, 0.04, 0.04, 0.04, 0.03, 0.03, 0.04, 0.04, 0.04, 0.04, 0.03, 0.03, 0.03, 0.03, 0.03, 0.03, 0.02, 0.02, 0.02, 0.02, 0.02, 0.02, 0.02, 0.02, 0.02, 0.02, 0.02, 0.02, 0.02, 0.01, 0.02, 0.02, 0.01, 0.02, 0.01, 0.01, 0.01, 0.01, 0.01, 0.01, 0.01, 0.01, 0.01, 0.01, 0.01, 0.01, 0.01, 0.01, 0.01, 0.01, 0.01, 0.01, 0.01, 0.01, 0.01, 0.01, 0.01, 0.01, 0.01, 0.01, 0.0, 0.0, 0.0, 0.0, 0.0, 0.0, 0.0, 0.0, 0.0, 0.0, 0.0, 0.0, 0.0, 0.0, 0.0, 0.0, 0.0, 0.0, 0.0, 0.0, 0.0, 0.0, 0.0, 0.0]
grid G mean tp,fp,tn,fn:    [78.5, 164.2, 735.8, 21.5]
grid G std tp,fp,tn,fn:     [5.79, 32.88, 32.88, 5.79]


name_of_experiment:         experiment 25_2: test=prid450, train=viper, prid450, cuhk02, market
file_name:                  siamese_cnn_image.pyc
date:                       27/08/2017   16:58:21
duration:                   55741.523721
prid450 mean tp,fp,tn,fn:    [88.7, 2734.6, 7165.4, 11.3]
prid450 std tp,fp,tn,fn:     [3.89, 585.85, 585.85, 3.89]
prid450 detection rate (TP/(TP+FN)):      0.887
prid450 false alarm (FP/(FP+TN)):        0.276222222222
prid450 mean ranking:        [0.19, 0.3, 0.37, 0.41, 0.46, 0.5, 0.53, 0.56, 0.59, 0.62, 0.65, 0.67, 0.69, 0.71, 0.72, 0.74, 0.76, 0.77, 0.78, 0.79, 0.8, 0.81, 0.82, 0.84, 0.85, 0.86, 0.87, 0.88, 0.88, 0.88, 0.89, 0.9, 0.91, 0.91, 0.92, 0.92, 0.92, 0.93, 0.93, 0.94, 0.94, 0.95, 0.95, 0.95, 0.95, 0.96, 0.96, 0.96, 0.96, 0.97, 0.97, 0.97, 0.97, 0.98, 0.98, 0.98, 0.98, 0.98, 0.98, 0.99, 0.99, 0.99, 0.99, 0.99, 0.99, 0.99, 0.99, 1.0, 1.0, 1.0, 1.0, 1.0, 1.0, 1.0, 1.0, 1.0, 1.0, 1.0, 1.0, 1.0, 1.0, 1.0, 1.0, 1.0, 1.0, 1.0, 1.0, 1.0, 1.0, 1.0, 1.0, 1.0, 1.0, 1.0, 1.0, 1.0, 1.0, 1.0, 1.0, 1.0]
prid450 std ranking:         [0.04, 0.04, 0.04, 0.05, 0.05, 0.05, 0.05, 0.05, 0.05, 0.05, 0.06, 0.06, 0.06, 0.06, 0.06, 0.05, 0.06, 0.05, 0.05, 0.05, 0.05, 0.04, 0.04, 0.04, 0.04, 0.04, 0.04, 0.04, 0.04, 0.04, 0.04, 0.04, 0.04, 0.03, 0.03, 0.03, 0.03, 0.03, 0.03, 0.03, 0.03, 0.02, 0.03, 0.02, 0.02, 0.02, 0.02, 0.02, 0.02, 0.02, 0.02, 0.02, 0.02, 0.02, 0.01, 0.01, 0.01, 0.01, 0.01, 0.01, 0.01, 0.01, 0.01, 0.01, 0.01, 0.01, 0.01, 0.01, 0.01, 0.0, 0.0, 0.0, 0.0, 0.0, 0.0, 0.0, 0.0, 0.0, 0.0, 0.0, 0.0, 0.0, 0.0, 0.0, 0.0, 0.0, 0.0, 0.0, 0.0, 0.0, 0.0, 0.0, 0.0, 0.0, 0.0, 0.0, 0.0, 0.0, 0.0, 0.0]
prid450 G mean tp,fp,tn,fn:    [88.7, 262.55, 637.45, 11.3]
prid450 G std tp,fp,tn,fn:     [3.89, 82.42, 82.42, 3.89]