name_of_experiment:         experiment 27_0: ilids-vid-image_augmented, neural_distance=concatenate. compare with ilids-vid
file_name:                  siamese_cnn_image.pyc
date:                       25/08/2017   18:31:30
duration:                   2699.359114
ilids-vid-image_augmented mean tp,fp,tn,fn:    [64.1, 1557.1, 8342.9, 35.9]
ilids-vid-image_augmented std tp,fp,tn,fn:     [6.8, 387.89, 387.89, 6.8]
ilids-vid-image_augmented detection rate (TP/(TP+FN)):      0.641
ilids-vid-image_augmented false alarm (FP/(FP+TN)):        0.157282828283
ilids-vid-image_augmented mean ranking:        [0.2, 0.29, 0.36, 0.4, 0.44, 0.48, 0.5, 0.53, 0.54, 0.56, 0.58, 0.6, 0.61, 0.62, 0.64, 0.65, 0.66, 0.68, 0.69, 0.7, 0.7, 0.71, 0.72, 0.73, 0.74, 0.75, 0.75, 0.76, 0.76, 0.77, 0.77, 0.78, 0.79, 0.79, 0.8, 0.8, 0.81, 0.81, 0.82, 0.82, 0.83, 0.84, 0.84, 0.84, 0.85, 0.86, 0.86, 0.86, 0.87, 0.88, 0.88, 0.88, 0.89, 0.89, 0.9, 0.9, 0.91, 0.91, 0.92, 0.92, 0.92, 0.93, 0.93, 0.93, 0.93, 0.94, 0.94, 0.94, 0.95, 0.95, 0.95, 0.96, 0.96, 0.96, 0.96, 0.97, 0.97, 0.97, 0.97, 0.98, 0.98, 0.98, 0.98, 0.99, 0.99, 0.99, 0.99, 0.99, 0.99, 0.99, 0.99, 1.0, 1.0, 1.0, 1.0, 1.0, 1.0, 1.0, 1.0, 1.0]
ilids-vid-image_augmented std ranking:         [0.04, 0.05, 0.05, 0.05, 0.05, 0.05, 0.05, 0.06, 0.05, 0.05, 0.05, 0.05, 0.05, 0.05, 0.05, 0.05, 0.05, 0.05, 0.06, 0.06, 0.06, 0.05, 0.05, 0.05, 0.05, 0.05, 0.05, 0.05, 0.05, 0.05, 0.05, 0.05, 0.05, 0.05, 0.05, 0.05, 0.05, 0.05, 0.05, 0.04, 0.04, 0.04, 0.04, 0.04, 0.04, 0.04, 0.04, 0.04, 0.03, 0.03, 0.03, 0.03, 0.03, 0.03, 0.03, 0.03, 0.03, 0.03, 0.03, 0.03, 0.03, 0.03, 0.03, 0.03, 0.03, 0.03, 0.03, 0.03, 0.03, 0.02, 0.02, 0.02, 0.02, 0.02, 0.02, 0.02, 0.02, 0.02, 0.02, 0.02, 0.01, 0.01, 0.01, 0.01, 0.01, 0.01, 0.01, 0.01, 0.01, 0.01, 0.01, 0.01, 0.01, 0.01, 0.01, 0.0, 0.0, 0.0, 0.0, 0.0]
ilids-vid-image_augmented G mean tp,fp,tn,fn:    [64.1, 146.15, 753.85, 35.9]
ilids-vid-image_augmented G std tp,fp,tn,fn:     [6.8, 52.89, 52.89, 6.8]


name_of_experiment:         experiment 27_1: ilids-vid-image, neural_distance=concatenate. compare with ilids-vid
file_name:                  siamese_cnn_image.pyc
date:                       25/08/2017   18:55:57
duration:                   1464.015562
ilids-vid-image mean tp,fp,tn,fn:    [54.45, 2052.35, 7847.65, 45.55]
ilids-vid-image std tp,fp,tn,fn:     [9.21, 384.78, 384.78, 9.21]
ilids-vid-image detection rate (TP/(TP+FN)):      0.5445
ilids-vid-image false alarm (FP/(FP+TN)):        0.207308080808
ilids-vid-image mean ranking:        [0.05, 0.08, 0.12, 0.15, 0.18, 0.21, 0.23, 0.26, 0.29, 0.32, 0.34, 0.36, 0.39, 0.41, 0.43, 0.45, 0.47, 0.49, 0.51, 0.53, 0.55, 0.57, 0.59, 0.62, 0.63, 0.64, 0.66, 0.68, 0.69, 0.7, 0.72, 0.74, 0.75, 0.76, 0.78, 0.79, 0.8, 0.81, 0.82, 0.83, 0.84, 0.85, 0.86, 0.87, 0.88, 0.89, 0.89, 0.9, 0.9, 0.91, 0.91, 0.92, 0.92, 0.93, 0.93, 0.94, 0.94, 0.94, 0.95, 0.95, 0.95, 0.95, 0.96, 0.96, 0.96, 0.96, 0.96, 0.97, 0.97, 0.97, 0.97, 0.97, 0.98, 0.98, 0.98, 0.98, 0.98, 0.98, 0.98, 0.99, 0.99, 0.99, 0.99, 0.99, 0.99, 0.99, 0.99, 0.99, 0.99, 0.99, 1.0, 1.0, 1.0, 1.0, 1.0, 1.0, 1.0, 1.0, 1.0, 1.0]
ilids-vid-image std ranking:         [0.02, 0.03, 0.03, 0.04, 0.04, 0.04, 0.04, 0.04, 0.05, 0.05, 0.05, 0.05, 0.05, 0.04, 0.05, 0.05, 0.05, 0.06, 0.06, 0.06, 0.06, 0.06, 0.06, 0.06, 0.06, 0.06, 0.06, 0.06, 0.06, 0.06, 0.06, 0.06, 0.06, 0.06, 0.06, 0.06, 0.06, 0.05, 0.06, 0.05, 0.05, 0.05, 0.05, 0.05, 0.04, 0.05, 0.05, 0.05, 0.04, 0.04, 0.04, 0.04, 0.04, 0.04, 0.04, 0.03, 0.03, 0.03, 0.03, 0.03, 0.03, 0.03, 0.03, 0.03, 0.02, 0.02, 0.02, 0.02, 0.02, 0.02, 0.02, 0.02, 0.02, 0.02, 0.02, 0.01, 0.01, 0.01, 0.01, 0.01, 0.01, 0.01, 0.01, 0.01, 0.01, 0.01, 0.01, 0.01, 0.01, 0.01, 0.01, 0.01, 0.01, 0.01, 0.01, 0.0, 0.0, 0.0, 0.0, 0.0]
ilids-vid-image G mean tp,fp,tn,fn:    [54.45, 184.9, 715.1, 45.55]
ilids-vid-image G std tp,fp,tn,fn:     [9.21, 42.11, 42.11, 9.21]


name_of_experiment:         experiment 27_2: ilids-vid, neural_distance=concatenate. compare with ilids-vid-image
file_name:                  siamese_cnn_video.pyc
date:                       25/08/2017   20:37:22
duration:                   6080.602519
ilids-vid mean tp,fp,tn,fn:    [64.8, 1960.4, 7939.6, 35.2]
ilids-vid std tp,fp,tn,fn:     [5.67, 362.92, 362.92, 5.67]
ilids-vid detection rate (TP/(TP+FN)):      0.648
ilids-vid false alarm (FP/(FP+TN)):        0.19802020202
ilids-vid mean ranking:        [0.11, 0.19, 0.25, 0.3, 0.34, 0.37, 0.39, 0.41, 0.44, 0.48, 0.5, 0.53, 0.56, 0.58, 0.6, 0.61, 0.63, 0.66, 0.67, 0.69, 0.7, 0.7, 0.71, 0.73, 0.74, 0.75, 0.76, 0.77, 0.78, 0.78, 0.79, 0.8, 0.81, 0.82, 0.83, 0.84, 0.85, 0.85, 0.86, 0.87, 0.88, 0.88, 0.89, 0.89, 0.9, 0.9, 0.9, 0.91, 0.91, 0.91, 0.92, 0.92, 0.93, 0.93, 0.94, 0.95, 0.95, 0.96, 0.96, 0.96, 0.96, 0.97, 0.97, 0.97, 0.97, 0.98, 0.98, 0.98, 0.98, 0.98, 0.98, 0.98, 0.98, 0.99, 0.99, 0.99, 0.99, 0.99, 0.99, 0.99, 0.99, 0.99, 0.99, 0.99, 0.99, 0.99, 1.0, 1.0, 1.0, 1.0, 1.0, 1.0, 1.0, 1.0, 1.0, 1.0, 1.0, 1.0, 1.0, 1.0]
ilids-vid std ranking:         [0.02, 0.01, 0.01, 0.02, 0.03, 0.05, 0.06, 0.06, 0.07, 0.06, 0.06, 0.07, 0.06, 0.06, 0.06, 0.05, 0.06, 0.06, 0.05, 0.05, 0.05, 0.04, 0.04, 0.05, 0.05, 0.04, 0.04, 0.04, 0.04, 0.03, 0.03, 0.03, 0.03, 0.03, 0.03, 0.03, 0.02, 0.02, 0.02, 0.02, 0.02, 0.01, 0.01, 0.01, 0.01, 0.01, 0.01, 0.01, 0.01, 0.01, 0.01, 0.02, 0.02, 0.01, 0.01, 0.01, 0.01, 0.01, 0.01, 0.01, 0.01, 0.01, 0.01, 0.01, 0.01, 0.01, 0.01, 0.01, 0.01, 0.01, 0.01, 0.01, 0.01, 0.01, 0.01, 0.01, 0.01, 0.01, 0.01, 0.01, 0.01, 0.01, 0.01, 0.01, 0.01, 0.01, 0.0, 0.0, 0.0, 0.0, 0.0, 0.0, 0.0, 0.0, 0.0, 0.0, 0.0, 0.0, 0.0, 0.0]
ilids-vid G mean tp,fp,tn,fn:    [64.8, 169.8, 730.2, 35.2]
ilids-vid G std tp,fp,tn,fn:     [5.67, 50.4, 50.4, 5.67]


name_of_experiment:         experiment 27_3: [benchmark] ilids-vid, neural_distance=concatenate
file_name:                  siamese_cnn_video.pyc
date:                       25/08/2017   23:18:25
duration:                   9660.938572
ilids-vid mean tp,fp,tn,fn:    [95.8, 3929.2, 18420.8, 54.2]
ilids-vid std tp,fp,tn,fn:     [13.91, 1067.28, 1067.28, 13.91]
ilids-vid detection rate (TP/(TP+FN)):      0.638666666667
ilids-vid false alarm (FP/(FP+TN)):        0.175803131991
ilids-vid mean ranking:        [0.12, 0.2, 0.25, 0.3, 0.33, 0.35, 0.38, 0.39, 0.42, 0.44, 0.45, 0.47, 0.49, 0.51, 0.53, 0.54, 0.54, 0.57, 0.58, 0.59, 0.6, 0.61, 0.62, 0.62, 0.64, 0.65, 0.65, 0.66, 0.67, 0.67, 0.68, 0.69, 0.69, 0.71, 0.71, 0.72, 0.72, 0.74, 0.74, 0.75, 0.75, 0.76, 0.76, 0.77, 0.77, 0.77, 0.78, 0.79, 0.8, 0.8, 0.8, 0.8, 0.81, 0.81, 0.82, 0.82, 0.82, 0.83, 0.83, 0.83, 0.84, 0.85, 0.85, 0.85, 0.85, 0.86, 0.86, 0.86, 0.87, 0.87, 0.88, 0.88, 0.89, 0.89, 0.9, 0.9, 0.9, 0.9, 0.9, 0.9, 0.91, 0.91, 0.91, 0.91, 0.91, 0.92, 0.92, 0.92, 0.92, 0.93, 0.93, 0.93, 0.93, 0.93, 0.93, 0.94, 0.94, 0.95, 0.95, 0.95, 0.96, 0.96, 0.96, 0.97, 0.97, 0.97, 0.97, 0.97, 0.97, 0.98, 0.98, 0.98, 0.98, 0.99, 0.99, 0.99, 0.99, 0.99, 0.99, 0.99, 0.99, 0.99, 0.99, 0.99, 0.99, 0.99, 0.99, 0.99, 0.99, 0.99, 0.99, 0.99, 0.99, 0.99, 0.99, 0.99, 0.99, 0.99, 0.99, 0.99, 0.99, 0.99, 0.99, 0.99, 1.0, 1.0, 1.0, 1.0, 1.0, 1.0]
ilids-vid std ranking:         [0.04, 0.04, 0.04, 0.06, 0.06, 0.07, 0.07, 0.07, 0.06, 0.06, 0.07, 0.07, 0.06, 0.06, 0.06, 0.05, 0.05, 0.05, 0.05, 0.05, 0.05, 0.06, 0.06, 0.05, 0.06, 0.05, 0.05, 0.05, 0.06, 0.06, 0.07, 0.06, 0.06, 0.07, 0.07, 0.07, 0.07, 0.06, 0.06, 0.06, 0.06, 0.06, 0.06, 0.06, 0.06, 0.06, 0.07, 0.06, 0.06, 0.06, 0.06, 0.06, 0.06, 0.06, 0.06, 0.07, 0.07, 0.07, 0.07, 0.07, 0.07, 0.07, 0.07, 0.07, 0.07, 0.07, 0.07, 0.07, 0.06, 0.06, 0.06, 0.06, 0.06, 0.06, 0.05, 0.05, 0.05, 0.05, 0.05, 0.05, 0.06, 0.06, 0.05, 0.05, 0.05, 0.05, 0.05, 0.05, 0.05, 0.05, 0.04, 0.04, 0.04, 0.04, 0.04, 0.04, 0.04, 0.04, 0.04, 0.04, 0.04, 0.04, 0.04, 0.04, 0.04, 0.04, 0.03, 0.03, 0.03, 0.03, 0.03, 0.02, 0.02, 0.02, 0.02, 0.02, 0.02, 0.02, 0.02, 0.02, 0.02, 0.02, 0.02, 0.02, 0.02, 0.02, 0.02, 0.02, 0.02, 0.02, 0.02, 0.02, 0.02, 0.02, 0.02, 0.01, 0.01, 0.01, 0.01, 0.01, 0.01, 0.01, 0.01, 0.01, 0.0, 0.0, 0.0, 0.0, 0.0, 0.0]
ilids-vid G mean tp,fp,tn,fn:    [95.8, 250.0, 1100.0, 54.2]
ilids-vid G std tp,fp,tn,fn:     [13.91, 81.76, 81.76, 13.91]