name_of_experiment:         experiment 30_0: train on grid_augmented and then test on cuhk02
file_name:                  experiments_thesis.py
date:                       28/08/2017   17:57:59
duration:                   24727.307974
cuhk02 mean tp,fp,tn,fn:    [0.34, 0.49, 0.57, 0.65, 0.69, 0.73, 0.76, 0.79, 0.81, 0.82, 0.84, 0.85, 0.87, 0.88, 0.89, 0.9, 0.91, 0.92, 0.93, 0.93, 0.94, 0.94, 0.94, 0.94, 0.95, 0.95, 0.96, 0.96, 0.97, 0.97, 0.97, 0.97, 0.97, 0.98, 0.98, 0.98, 0.98, 0.98, 0.98, 0.98, 0.99, 0.99, 0.99, 0.99, 0.99, 0.99, 0.99, 0.99, 0.99, 0.99, 0.99, 0.99, 0.99, 0.99, 1.0, 1.0, 1.0, 1.0, 1.0, 1.0, 1.0, 1.0, 1.0, 1.0, 1.0, 1.0, 1.0, 1.0, 1.0, 1.0, 1.0, 1.0, 1.0, 1.0, 1.0, 1.0, 1.0, 1.0, 1.0, 1.0, 1.0, 1.0, 1.0, 1.0, 1.0, 1.0, 1.0, 1.0, 1.0, 1.0, 1.0, 1.0, 1.0, 1.0, 1.0, 1.0, 1.0, 1.0, 1.0, 1.0]
cuhk02 std tp,fp,tn,fn:     [0.05, 0.06, 0.05, 0.05, 0.05, 0.05, 0.05, 0.05, 0.05, 0.05, 0.04, 0.05, 0.04, 0.04, 0.04, 0.03, 0.03, 0.03, 0.03, 0.03, 0.02, 0.02, 0.02, 0.02, 0.02, 0.02, 0.02, 0.02, 0.02, 0.02, 0.02, 0.02, 0.02, 0.01, 0.01, 0.01, 0.01, 0.01, 0.01, 0.01, 0.01, 0.01, 0.01, 0.01, 0.01, 0.01, 0.01, 0.01, 0.01, 0.01, 0.0, 0.0, 0.01, 0.01, 0.0, 0.0, 0.0, 0.0, 0.0, 0.0, 0.0, 0.0, 0.0, 0.0, 0.0, 0.0, 0.0, 0.0, 0.0, 0.0, 0.0, 0.0, 0.0, 0.0, 0.0, 0.0, 0.0, 0.0, 0.0, 0.0, 0.0, 0.0, 0.0, 0.0, 0.0, 0.0, 0.0, 0.0, 0.0, 0.0, 0.0, 0.0, 0.0, 0.0, 0.0, 0.0, 0.0, 0.0, 0.0, 0.0]
cuhk02 detection rate (TP/(TP+FN)):      0.344495180112
cuhk02 false alarm (FP/(FP+TN)):        0.458018867925
cuhk02 mean ranking:        [78.2, 753.55, 9146.45, 21.8]
cuhk02 std ranking:         [4.33, 132.3, 132.3, 4.33]


name_of_experiment:         experiment 30_1: train on cuhk02 and then test on grid_augmented
file_name:                  experiments_thesis.py
date:                       29/08/2017   01:30:28
duration:                   1295.043845
grid mean tp,fp,tn,fn:    [0.17, 0.27, 0.34, 0.4, 0.44, 0.49, 0.53, 0.57, 0.6, 0.63, 0.65, 0.68, 0.7, 0.71, 0.72, 0.74, 0.76, 0.77, 0.78, 0.8, 0.81, 0.81, 0.82, 0.82, 0.83, 0.84, 0.85, 0.86, 0.87, 0.87, 0.88, 0.89, 0.89, 0.9, 0.9, 0.91, 0.92, 0.93, 0.93, 0.93, 0.94, 0.94, 0.94, 0.95, 0.95, 0.95, 0.95, 0.95, 0.96, 0.96, 0.96, 0.97, 0.97, 0.97, 0.97, 0.97, 0.98, 0.98, 0.98, 0.98, 0.98, 0.98, 0.98, 0.98, 0.98, 0.98, 0.99, 0.99, 0.99, 0.99, 0.99, 0.99, 0.99, 0.99, 0.99, 0.99, 0.99, 0.99, 0.99, 0.99, 0.99, 1.0, 1.0, 1.0, 1.0, 1.0, 1.0, 1.0, 1.0, 1.0, 1.0, 1.0, 1.0, 1.0, 1.0, 1.0, 1.0, 1.0, 1.0, 1.0]
grid std tp,fp,tn,fn:     [0.03, 0.04, 0.04, 0.05, 0.05, 0.05, 0.06, 0.07, 0.06, 0.05, 0.05, 0.06, 0.06, 0.06, 0.06, 0.06, 0.06, 0.06, 0.06, 0.06, 0.06, 0.06, 0.05, 0.05, 0.05, 0.05, 0.04, 0.04, 0.04, 0.04, 0.04, 0.04, 0.03, 0.03, 0.03, 0.03, 0.03, 0.03, 0.03, 0.03, 0.03, 0.03, 0.03, 0.03, 0.03, 0.03, 0.03, 0.03, 0.02, 0.02, 0.02, 0.02, 0.02, 0.02, 0.02, 0.01, 0.01, 0.01, 0.01, 0.01, 0.01, 0.01, 0.01, 0.01, 0.01, 0.01, 0.01, 0.01, 0.01, 0.01, 0.01, 0.01, 0.01, 0.01, 0.01, 0.01, 0.01, 0.01, 0.01, 0.01, 0.01, 0.0, 0.0, 0.0, 0.0, 0.0, 0.0, 0.0, 0.0, 0.0, 0.0, 0.0, 0.0, 0.0, 0.0, 0.0, 0.0, 0.0, 0.0, 0.0]
grid detection rate (TP/(TP+FN)):      0.294273127753
grid false alarm (FP/(FP+TN)):        0.437140509449
grid mean ranking:        [58.7, 856.15, 9043.85, 41.3]
grid std ranking:         [6.17, 133.7, 133.7, 6.17]